020000081247
020000088246
020000204074
020000235353
020000317960
020000321599
020000321601
020000321878
020000322140
020000322502
020000323111
020000328790
020000349036
020000349256
020000351192
020000352316
020000352921
020000354111
020000354798
020000355122
020000358965
020000366038
020000368684
020000394918
020000395021
020000398956
020000406962
020000407916
020000408004
020000408153
020000408523
020000408917
020000408921
020000409021
020000411576
020000412018
020000412020
020000412088
020000412202
020000412492
020000412493
020000417445
020000417453
020000417540
020000417717
020000417919
020000417966
020000421960
020000422103
020000425500
020000428205
020000428209
020000428356
020000428357
020000428380
020000428706
020000428725
020000428758
020000428761
020000428952
020000429351
020000429352
020000429853
020000430079
020000430087
020000430328
020000430505
020000430568
020000430585
020000430590
020000431743
020000431760
020000431768
020000431770
020000431776
020000431787
020000431788
020000431805
020000431809
020000442243
020000442300
020000446304
020000448176
020000454359
020000454382
020000454414
020000454417
020000454420
020000454556
020000454561
020000454648
020000454650
020000454663
020000454749
020000454765
020000454846
020000454853
020000454870
020000454872
020000454878
020000454953
020000454978
020000454979
020000454988
020000454989
020000455003
020000455017
020000455022
020000455024
020000455031
020000455034
020000455056
020000455060
020000455063
020000455074
020000455111
020000455120
020000455142
020000455146
020000591132
020000594968
020000594978
020000594995
020000595596
020000595868
020000595875
020000595880
020000595886
020000596617
020000596620
020000597896
020000598229
020000598360
020000599595
020000602708
020000605617
020000610619
020000612933
020000612948
020000614036
020000614042
020000614707
020000615903
020000616242
020000616727
020000616748
020000616774
020000618237
020000618714
020000620486
020000620614
020000620620
020000620622
020000620631
020000621467
020000622249
020000622252
020000623474
020000624341
020000625255
020000626390
020000633282
020000633682
020000634251
020000634438
020000634440
020000638823
020000639113
020000639190
020000640787
020000644515
020000646107
020000651188
020000652181
020000654826
020000656543
020000657534
020000662432
020000662671
020000665072
020000666053
020000666064
020000667132
020000667359
020000668222
020000668233
020000668244
020000669349
020000669830
020000669866
020000670442
020000670930
020000674867
020000675100
020000676076
020000676204
020000676846
020000677552
020000679273
020000679431
020000680030
020000680038
020000680039
020000680041
020000681995
020000681996
020000684874
020000686272
020000686277
020000687211
020000687423
020000687742
020000688262
020000688274
020000688278
020000688295
020000688323
020000688665
020000689722
020000690163
020000690311
020000690313
020000693494
020000694018
020000696599
020000705624
020000708528
020000708613
020000708701
020000736316
020000739622
020000771244
020000819072
020000849901
020000896276
020000918355
020000930126
020000943191
020000959103
020000960563
020000979954
020000989567
020001043464
020001068462
020001074820
020001097589
020001108328
020001111396
020001173015
020001173446
020001184950
020001187179
020001187997
020001195735
020001205990
020001211653
020001249007
020001277665
020001279569
020001315862
020001321046
020001334432
020001350776
020001359990
020001374124
030000021835
030000028833
030000057065
030000071594
030000071906
030000074685
030000074695
030000075230
030000076871
030000076872
030000077022
030000077028
030000077061
030000083383
030000083458
030000083532
030000094057
030000114712
030000157269
030000157272
030000157358
030000157360
030000157362
030000157363
030000157424
030000157511
030000157590
030000157749
030000157820
030000157908
030000157911
030000158096
030000158193
030000158260
030000158474
030000160858
030000160956
030000161133
030000164890
030000164920
030000164929
030000164974
030000164987
030000165022
030000165046
030000165051
030000165053
030000165056
030000165092
030000165198
030000165217
030000165267
030000165321
030000165375
030000165378
030000165385
030000165390
030000165391
030000165407
030000165439
030000165464
030000191694
030000215627
030000217633
030000227699
030000241289
030000266640
030000269051
030000272899
030000274763
030000275786
030000277144
030000279915
030000282235
030000286335
030000294327
030000298320
030000302709
030000303933
030000307547
030000307551
030000311849
030000312291
030000313086
030000315543
030000318213
030000320019
030000327104
030000327920
030000327986
030000328397
030000329884
030000332694
030000333198
030000335020
030000335821
030000337067
030000337068
030000342822
030000343080
030000343364
030000346387
030000346919
030000348225
030000348291
030000355285
030000359070
030000362643
030000363937
030000364521
030000376261
030000378620
030000383517
030000383519
030000384546
030000388091
030000389669
030000392471
030000393107
030000394355
030000394516
030000396612
030000396859
030000396860
030000397636
030000400395
030000400670
030000406024
030000408056
030000408521
030000410110
030000412558
030000412884
030000420745
030000420762
030000433952
030000436342
030000437509
030000437511
030000441207
030000442136
030000443014
030000443605
030000443845
030000443964
030000445737
030000446864
030000446974
030000447045
030000447046
030000448213
030000448214
030000448221
030000449831
030000451200
030000453198
030000453607
030000455487
030000460536
030000462243
030000462434
030000462444
030000463555
030000463996
030000464817
030000465384
030000466638
030000467017
030000469689
030000471056
030000472144
030000472449
030000472625
030000473480
030000473481
030000473508
030000476084
030000478301
030000481734
030000483740
030000484059
030000486247
030000492335
030000492338
030000492853
030000495087
030000495108
030000495250
030000495260
030000495271
030000495990
030000498369
030000501748
030000502493
030000506640
030000507159
030000509005
030000510228
030000511723
030000512773
030000513061
030000513966
030000514324
030000527399
030000527704
030000527978
030000529078
030000529097
030000529294
030000529335
030000531209
030000531562
030000535447
030000537637
030000537641
030000538076
030000538515
030000538965
030000539770
030000540207
030000540506
030000541406
030000542647
030000543161
030000543702
030000543734
030000544984
030000545454
030000546103
030000548006
030000548169
030000549052
030000549180
030000549592
030000549813
030000550429
030000551330
030000551331
030000551332
030000552486
030000552875
030000553010
030000553483
030000553755
030000554262
030000556537
030000557755
030000558115
030000561529
030000562973
030000563112
030000563123
030000565117
030000567819
030000569292
030000572294
030000574684
030000574702
030000574804
030000575633
030000577988
030000580258
030000580737
030000581075
030000581356
030000581504
030000584163
030000584252
030000584394
030000586371
030000587420
030000588062
030000588230
030000588429
030000590010
030000593145
030000593501
030000595833
030000595847
030000596217
030000598045
030000599199
030000601356
030000601762
030000603533
030000605234
030000605511
030000606427
030000607136
030000609232
030000610674
030000610713
030000610819
030000613928
030000614080
030000614885
030000617522
030000618305
030000619201
030000620471
030000620801
030000623931
030000625836
030000625940
030000625943
030000627888
030000629275
030000629437
030000630030
030000631105
030000631416
030000632093
030000632492
030000633094
030000634016
030000635001
030000636251
030000637409
030000638024
030000638061
030000642383
030000642602
030000642810
030000646164
030000647774
030000649713
030000649937
030000649958
030000650853
030000651491
030000651747
030000651983
030000652602
030000653046
030000653350
030000656007
030000657313
030000657664
030000659116
030000659174
030000659659
030000659731
030000660196
030000661374
030000662433
030000662980
030000663200
030000665503
030000665504
030000666385
030000667247
030000668317
030000670850
030000676451
030000678866
030000680043
030000681357
030000685222
030000685387
030000687294
030000687371
030000687376
030000695098
030000695124
030000695132
030000696543
030000698196
030000704065
030000705334
030000709473
030000709562
030000709736
030000709747
030000710243
030000711685
030000712767
030000714039
030000714363
030000714452
030000715323
030000716333
030000717228
030000720105
030000720511
030000727439
030000728003
030000731015
030000731560
030000734881
030000735467
030000736387
030000736440
030000736887
030000737981
030000741066
030000746146
030000751593
030000751668
030000751859
030000752598
030000752722
030000752889
030000752912
030000752914
030000752916
030000754279
030000755356
030000759755
030000760917
030000760919
030000760920
030000776179
030000776242
030000776445
030000778230
030000779467
030000787457
030000791124
030000793100
030000798361
030000812419
030000817218
030000819127
030000820658
030000821709
030000824887
030000826736
030000826981
030000831539
030000832673
030000834645
030000835588
030000835751
030000835760
030000835841
030000837185
030000837187
030000837193
030000841329
030000843722
030000846423
030000848407
030000849138
030000853791
030000854455
030000854714
030000854720
030000854979
030000857088
030000857772
030000857823
030000859567
030000860308
030000862467
030000863788
030000866802
030000868554
030000872243
030000872254
030000872868
030000873488
030000873700
030000874861
030000874978
030000875867
030000875986
030000877083
030000877365
030000879426
030000884224
030000886287
030000886385
030000888075
030000888688
030000902555
030000939739
030000943034