[0.44,0.12]
[0.46,0.15]
[0.51,0.23]
[0.52,0.19]
[0.52,0.17]
[0.53,0.23]
[0.54,0.19]
[0.56,0.14]
[0.56,0.21]
[0.57,0.28]
[0.58,0.29]
[0.59,0.3]
[0.59,0.28]
[0.61,0.15]
[0.62,0.21]
[0.62,0.21]
[0.63,0.25]
[0.63,0.11]
[0.65,0.25]
[0.66,0.11]
[0.67,0.37]
[0.69,0.11]
[0.71,0.34]
[0.71,0.2]
[0.72,0.19]
[0.73,0.32]
[0.75,0.22]
[0.77,0.33]
[0.77,0.35]
[0.77,0.22]
[0.77,0.31]
[0.78,0.43]
[0.81,0.29]
[0.81,0.25]
[0.83,0.21]
[0.83,0.28]
[0.85,0.3]
[0.87,0.43]
[0.87,0.3]
[0.87,0.3]
[0.88,0.3]
[0.89,0.35]
[0.9,0.32]
[0.9,0.36]
[0.91,0.4]
[0.91,0.37]
[0.93,0.25]
[0.95,0.53]
[0.96,0.41]
[0.96,0.38]
[0.96,0.39]
[0.98,0.5]
[0.98,0.43]
[0.99,0.37]
[1.01,0.43]
[1.01,0.47]
[1.02,0.43]
[1.02,0.58]
[1.03,0.41]
[1.04,0.43]
[1.06,0.42]
[1.08,0.62]
[1.09,0.62]
[1.1,0.64]
[1.1,0.29]
[1.12,0.56]
[1.13,0.58]
[1.13,0.57]
[1.14,0.26]
[1.15,0.63]
[1.16,0.39]
[1.19,0.63]
[1.22,0.39]
[1.22,0.45]
[1.24,0.21]
[1.28,0.4]
[1.29,0.28]
[1.31,0.41]
[1.32,0.82]
[1.35,0.77]
[1.35,0.42]
[1.37,0.89]
[1.44,0.92]
[1.45,0.89]
[1.46,1.01]
[1.5,0.95]
[1.53,0.95]
[1.55,1.06]
[1.56,0.93]
[1.6,0.89]
[1.63,1.06]
[1.68,1.12]
[1.7,0.8]
[1.71,0.84]
[1.75,1.19]
[1.8,1.1]
[1.82,0.91]
[1.82,0.86]
[1.87,1.16]
[1.92,0.96]
[1.95,0.97]
[1.95,1.2]
[1.96,0.92]
[2.0,0.9]
[2.02,0.57]
[2.02,0.93]
[2.05,1.59]
[2.05,0.95]
[2.06,1.29]
[2.06,0.36]
[2.07,1.23]
[2.08,0.92]
[2.09,0.56]
[2.12,0.9]
[2.12,0.85]
[2.14,0.34]
[2.14,1.29]
[2.15,0.54]
[2.16,1.14]
[2.17,0.15]
[2.18,0.72]
[2.19,0.55]
[2.21,0.5]
[2.22,1.09]
[2.23,0.18]
[2.24,0.91]
[2.24,0.3]
[2.26,0.33]
[2.28,0.11]
[2.3,1.16]
[2.31,0.13]
[2.31,0.36]
[2.32,0.13]
[2.35,1.2]
[2.37,0.37]
[2.37,1.13]
[2.4,2.12]
[2.4,1.99]
[2.41,1.86]
[2.41,2.08]
[2.42,0.36]
[2.42,0.21]
[2.43,0.12]
[2.44,0.36]
[2.45,1.94]
[2.46,0.14]
[2.46,2.15]
[2.47,1.92]
[2.48,0.38]
[2.48,2.11]
[2.49,0.17]
[2.49,0.34]
[2.51,1.96]
[2.52,1.96]
[2.53,2.22]
[2.53,1.23]
[2.53,0.22]
[2.53,2.0]
[2.53,0.29]
[2.54,0.3]
[2.56,1.99]
[2.56,2.09]
[2.57,0.16]
[2.58,2.14]
[2.59,1.09]
[2.6,0.16]
[2.6,2.14]
[2.6,0.25]
[2.61,1.98]
[2.61,2.1]
[2.62,0.2]
[2.64,0.15]
[2.64,2.2]
[2.64,0.12]
[2.65,2.01]
[2.65,0.12]
[2.66,0.2]
[2.66,2.17]
[2.68,2.03]
[2.69,0.16]
[2.69,2.17]
[2.7,2.04]
[2.71,2.16]
[2.72,0.18]
[2.72,2.01]
[2.72,1.17]
[2.73,0.14]
[2.73,0.32]
[2.73,0.2]
[2.74,0.15]
[2.75,2.3]
[2.75,1.97]
[2.76,0.23]
[2.77,2.25]
[2.78,0.22]
[2.79,1.92]
[2.8,0.14]
[2.8,2.29]
[2.8,0.38]
[2.8,0.13]
[2.81,0.85]
[2.81,0.17]
[2.82,0.16]
[2.83,2.32]
[2.83,1.92]
[2.85,0.15]
[2.86,2.3]
[2.86,0.14]
[2.87,1.91]
[2.87,2.35]
[2.89,0.17]
[2.92,1.9]
[2.92,0.14]
[2.92,0.44]
[2.93,2.39]
[2.94,2.4]
[2.95,0.88]
[2.95,0.15]
[2.95,1.65]
[2.97,0.14]
[2.98,0.17]
[2.98,0.16]
[2.99,2.41]
[2.99,0.13]
[3.01,2.53]
[3.01,1.66]
[3.02,0.14]
[3.04,2.44]
[3.06,0.9]
[3.06,2.47]
[3.07,0.49]
[3.07,1.63]
[3.09,0.17]
[3.11,2.52]
[3.12,1.56]
[3.13,2.4]
[3.13,0.16]
[3.14,0.53]
[3.16,1.48]
[3.19,0.15]
[3.19,2.27]
[3.19,0.19]
[3.19,2.42]
[3.2,1.45]
[3.25,2.29]
[3.25,0.18]
[3.25,1.43]
[3.29,0.15]
[3.3,0.16]
[3.3,0.19]
[3.3,0.35]
[3.31,0.7]
[3.31,1.44]
[3.34,0.36]
[3.35,0.19]
[3.37,1.35]
[3.41,0.43]
[3.41,0.79]
[3.42,1.35]
[3.42,0.35]
[3.42,0.12]
[3.45,0.15]
[3.48,0.41]
[3.52,0.59]
[3.52,0.88]
[3.52,0.15]
[3.55,0.77]
[3.57,0.37]
[3.58,0.93]
[3.61,0.81]
[3.62,1.09]
[3.68,0.85]
[3.68,1.56]
[3.68,0.21]
[3.69,0.89]
[3.69,0.27]
[3.69,0.17]
[3.7,1.29]
[3.72,1.48]
[3.74,0.8]
[3.74,0.2]
[3.76,0.14]
[3.76,1.48]
[3.77,1.05]
[3.77,0.88]
[3.78,1.05]
[3.79,0.21]
[3.79,0.37]
[3.82,0.13]
[3.82,1.43]
[3.84,1.42]
[3.85,1.41]
[3.86,0.17]
[3.86,1.38]
[3.86,0.74]
[3.87,0.74]
[3.88,0.12]
[3.91,0.12]
[3.93,2.94]
[3.93,1.12]
[3.96,1.36]
[3.97,0.13]
[3.97,1.22]
[3.98,0.72]
[4.0,1.4]
[4.03,1.54]
[4.03,0.84]
[4.04,1.57]
[4.05,0.12]
[4.08,0.15]
[4.08,3.08]
[4.08,3.06]
[4.09,1.45]
[4.09,1.28]
[4.1,0.13]
[4.13,1.44]
[4.14,1.29]
[4.15,3.08]
[4.15,0.12]
[4.16,3.07]
[4.16,0.11]
[4.18,1.67]
[4.19,0.11]
[4.19,0.11]
[4.19,1.46]
[4.2,1.64]
[4.21,3.09]
[4.23,0.13]
[4.23,0.89]
[4.23,0.2]
[4.24,0.11]
[4.25,0.1]
[4.26,1.4]
[4.27,1.53]
[4.28,3.15]
[4.29,0.12]
[4.29,3.1]
[4.31,1.57]
[4.31,1.36]
[4.32,0.13]
[4.33,0.15]
[4.34,0.14]
[4.35,3.12]
[4.35,3.0]
[4.36,1.65]
[4.36,1.55]
[4.38,0.13]
[4.39,0.15]
[4.39,0.11]
[4.39,1.66]
[4.41,1.48]
[4.42,1.73]
[4.42,3.05]
[4.44,0.15]
[4.44,1.49]
[4.45,0.14]
[4.47,1.55]
[4.49,0.15]
[4.49,1.72]
[4.5,1.49]
[4.51,1.1]
[4.53,0.14]
[4.56,1.13]
[4.58,1.58]
[4.58,0.13]
[4.58,1.05]
[4.58,1.71]
[4.6,0.15]
[4.6,1.59]
[4.63,0.93]
[4.63,1.61]
[4.63,0.12]
[4.64,0.89]
[4.65,0.19]
[4.66,1.47]
[4.67,0.15]
[4.68,0.86]
[4.69,1.63]
[4.69,0.82]
[4.73,0.15]
[4.74,1.55]
[4.75,1.65]
[4.75,0.46]
[4.75,0.17]
[4.76,0.8]
[4.77,0.13]
[4.77,1.58]
[4.78,1.2]
[4.78,0.14]
[4.8,1.54]
[4.81,0.15]
[4.81,0.81]
[4.82,0.12]
[4.83,1.53]
[4.83,1.52]
[4.83,1.54]
[4.84,0.69]
[4.85,0.1]
[4.87,0.12]
[4.87,1.26]
[4.88,1.57]
[4.89,1.2]
[4.89,0.74]
[4.89,1.54]
[4.89,0.12]
[4.9,0.74]
[4.92,0.06]
[4.94,1.41]
[4.94,0.11]
[4.95,0.77]
[4.96,3.14]
[4.96,1.55]
[4.99,1.3]
[4.99,1.27]
[5.0,1.26]
[5.01,2.95]
[5.01,0.13]
[5.01,0.37]
[5.02,2.89]
[5.02,0.08]
[5.04,1.35]
[5.04,1.26]
[5.06,0.17]
[5.07,0.15]
[5.08,2.94]
[5.08,0.07]
[5.08,1.83]
[5.1,1.33]
[5.1,1.28]
[5.13,0.12]
[5.13,1.36]
[5.14,1.36]
[5.14,3.0]
[5.16,0.12]
[5.16,1.08]
[5.17,1.31]
[5.17,0.38]
[5.18,1.32]
[5.19,0.09]
[5.2,0.15]
[5.2,0.06]
[5.2,1.34]
[5.21,2.99]
[5.22,0.12]
[5.24,0.08]
[5.24,2.62]
[5.25,1.34]
[5.25,1.39]
[5.25,1.46]
[5.26,1.05]
[5.26,0.13]
[5.28,0.1]
[5.28,2.9]
[5.29,3.03]
[5.31,1.09]
[5.32,1.28]
[5.33,0.11]
[5.35,0.13]
[5.36,2.89]
[5.36,1.26]
[5.37,0.9]
[5.39,0.13]
[5.39,1.28]
[5.39,1.51]
[5.41,0.08]
[5.41,1.44]
[5.41,1.96]
[5.42,0.16]
[5.43,2.97]
[5.43,1.19]
[5.43,1.75]
[5.44,0.08]
[5.45,0.16]
[5.46,1.2]
[5.48,0.78]
[5.48,0.09]
[5.48,0.16]
[5.5,0.24]
[5.5,0.08]
[5.5,2.85]
[5.52,1.54]
[5.52,0.11]
[5.54,0.93]
[5.54,1.35]
[5.55,0.11]
[5.57,0.26]
[5.57,1.24]
[5.58,0.12]
[5.59,0.42]
[5.59,0.85]
[5.6,1.32]
[5.62,0.12]
[5.63,0.1]
[5.64,1.23]
[5.64,1.22]
[5.64,0.1]
[5.65,0.13]
[5.65,0.88]
[5.68,0.09]
[5.69,0.1]
[5.69,0.14]
[5.7,1.46]
[5.7,1.38]
[5.7,1.28]
[5.71,0.93]
[5.71,1.15]
[5.73,1.38]
[5.73,0.1]
[5.74,0.1]
[5.75,1.4]
[5.75,0.94]
[5.77,1.19]
[5.77,0.89]
[5.77,0.07]
[5.77,0.07]
[5.78,4.97]
[5.8,0.99]
[5.81,1.45]
[5.81,0.1]
[5.81,1.45]
[5.83,0.96]
[5.83,1.46]
[5.84,0.1]
[5.85,0.96]
[5.85,1.46]
[5.86,0.42]
[5.86,0.44]
[5.88,0.87]
[5.89,0.99]
[5.89,0.14]
[5.9,0.97]
[5.91,0.84]
[5.92,1.42]
[5.93,1.3]
[5.93,0.97]
[5.94,0.94]
[5.94,1.55]
[5.95,0.18]
[5.95,1.46]
[5.96,0.76]
[5.97,0.81]
[5.97,0.32]
[5.98,0.84]
[5.99,0.09]
[5.99,0.96]
[6.0,0.07]
[6.01,0.08]
[6.02,0.81]
[6.03,0.22]
[6.03,0.95]
[6.05,1.55]
[6.05,1.3]
[6.05,1.22]
[6.06,0.97]
[6.07,1.49]
[6.08,0.89]
[6.08,0.13]
[6.09,0.09]
[6.09,0.13]
[6.1,0.24]
[6.1,0.86]
[6.1,0.08]
[6.12,0.84]
[6.13,0.14]
[6.13,1.53]
[6.14,1.49]
[6.14,0.25]
[6.14,0.09]
[6.14,0.77]
[6.15,0.07]
[6.15,0.3]
[6.16,0.26]
[6.16,1.27]
[6.16,0.07]
[6.18,1.28]
[6.19,0.08]
[6.19,0.8]
[6.2,0.15]
[6.21,0.08]
[6.21,0.29]
[6.21,0.77]
[6.21,0.14]
[6.22,0.81]
[6.23,0.8]
[6.24,0.11]
[6.25,0.81]
[6.25,0.11]
[6.26,1.59]
[6.27,0.79]
[6.27,1.44]
[6.28,1.97]
[6.29,0.81]
[6.3,0.65]
[6.32,0.62]
[6.33,0.81]
[6.33,0.14]
[6.34,0.61]
[6.34,0.17]
[6.34,0.18]
[6.35,0.78]
[6.36,0.55]
[6.38,0.78]
[6.39,0.54]
[6.39,1.43]
[6.4,0.14]
[6.4,0.54]
[6.41,0.13]
[6.41,0.68]
[6.41,0.19]
[6.43,1.69]
[6.44,0.58]
[6.44,0.3]
[6.45,1.77]
[6.45,0.18]
[6.47,0.52]
[6.47,0.19]
[6.47,0.49]
[6.48,0.52]
[6.48,0.12]
[6.52,0.18]
[6.52,1.53]
[6.53,0.56]
[6.54,1.55]
[6.55,0.56]
[6.57,0.54]
[6.58,0.22]
[6.58,0.47]
[6.59,1.51]
[6.59,0.85]
[6.59,0.82]
[6.6,0.15]
[6.61,1.85]
[6.61,1.83]
[6.61,0.36]
[6.61,1.56]
[6.63,0.44]
[6.63,0.49]
[6.64,0.11]
[6.64,0.24]
[6.65,0.11]
[6.66,0.71]
[6.67,0.33]
[6.67,0.28]
[6.68,0.27]
[6.68,0.25]
[6.69,0.92]
[6.72,0.7]
[6.72,0.28]
[6.72,0.25]
[6.72,0.24]
[6.74,0.26]
[6.75,0.6]
[6.75,0.17]
[6.76,0.17]
[6.77,0.16]
[6.78,0.12]
[6.78,0.24]
[6.79,0.64]
[6.81,1.57]
[6.81,0.13]
[6.82,0.61]
[6.83,0.15]
[6.83,0.16]
[6.84,0.16]
[6.85,2.01]
[6.86,2.03]
[6.87,0.15]
[6.87,0.54]
[6.87,1.62]
[6.88,0.16]
[6.9,0.56]
[6.91,0.13]
[6.91,0.15]
[6.94,0.53]
[6.95,0.11]
[6.96,0.51]
[6.97,0.12]
[6.99,0.15]
[7.0,0.39]
[7.01,0.32]
[7.02,1.73]
[7.02,0.15]
[7.02,2.0]
[7.03,0.15]
[7.04,0.13]
[7.05,2.11]
[7.07,0.3]
[7.07,0.35]
[7.08,0.14]
[7.1,1.74]
[7.13,0.15]
[7.14,0.34]
[7.14,0.12]
[7.14,0.31]
[7.15,0.13]
[7.15,0.12]
[7.18,1.79]
[7.2,0.13]
[7.2,0.3]
[7.2,0.13]
[7.21,0.33]
[7.21,0.11]
[7.23,1.74]
[7.24,0.16]
[7.25,0.12]
[7.26,0.1]
[7.27,0.13]
[7.28,0.26]
[7.29,1.79]
[7.3,0.12]
[7.3,0.1]
[7.31,0.17]
[7.34,0.15]
[7.35,1.76]
[7.35,0.14]
[7.36,2.23]
[7.36,0.2]
[7.37,2.18]
[7.38,1.75]
[7.41,0.15]
[7.42,0.21]
[7.43,0.18]
[7.44,0.07]
[7.44,0.1]
[7.44,2.24]
[7.46,0.17]
[7.47,1.83]
[7.48,2.23]
[7.48,0.07]
[7.49,0.07]
[7.49,1.8]
[7.5,0.2]
[7.52,0.06]
[7.52,0.1]
[7.53,2.18]
[7.54,0.09]
[7.56,0.24]
[7.57,0.09]
[7.57,1.86]
[7.57,2.08]
[7.58,1.8]
[7.58,0.3]
[7.59,0.1]
[7.6,0.09]
[7.6,0.07]
[7.6,0.08]
[7.61,0.25]
[7.62,0.07]
[7.64,0.15]
[7.65,0.11]
[7.67,0.23]
[7.67,0.1]
[7.7,0.13]
[7.7,2.13]
[7.72,0.13]
[7.73,0.29]
[7.77,0.16]
[7.77,2.12]
[7.77,0.16]
[7.78,0.18]
[7.79,0.19]
[7.79,0.22]
[7.81,0.14]
[7.82,2.04]
[7.82,2.02]
[7.84,0.24]
[7.84,0.13]
[7.84,0.12]
[7.85,0.12]
[7.9,0.14]
[7.93,0.14]
[7.94,0.16]
[7.95,2.27]
[7.96,0.17]
[7.98,0.16]
[8.0,0.16]
[8.02,0.2]
[8.02,2.33]
[8.04,0.2]
[8.08,2.25]
[8.1,2.26]
[8.11,0.17]
[8.13,0.18]
[8.16,0.22]
[8.16,0.17]
[8.19,2.37]
[8.2,0.17]
[8.22,0.12]
[8.22,2.33]
[8.24,2.25]
[8.25,2.15]
[8.25,0.11]
[8.26,0.09]
[8.28,1.15]
[8.31,0.11]
[8.33,0.14]
[8.35,2.44]
[8.36,0.12]
[8.4,0.17]
[8.41,2.37]
[8.41,0.17]
[8.45,2.28]
[8.46,2.37]
[8.47,0.13]
[8.5,0.13]
[8.5,0.24]
[8.51,0.22]
[8.52,0.16]
[8.53,0.12]
[8.56,2.51]
[8.58,0.13]
[8.63,0.16]
[8.64,0.14]
[8.66,0.16]
[8.66,0.34]
[8.67,0.14]
[8.7,2.52]
[8.71,2.49]
[8.73,0.14]
[8.74,2.14]
[8.74,0.22]
[8.76,0.19]
[8.77,0.14]
[8.79,0.15]
[8.79,2.73]
[8.8,0.28]
[8.83,2.6]
[8.84,0.14]
[8.84,2.58]
[8.86,2.79]
[8.87,0.11]
[8.87,0.08]
[8.88,0.08]
[8.9,2.8]
[8.93,0.09]
[8.94,2.66]
[8.96,0.22]
[8.98,2.66]
[9.0,0.12]
[9.01,0.17]
[9.02,2.87]
[9.02,2.81]
[9.05,0.18]
[9.07,0.11]
[9.09,2.75]
[9.11,0.11]
[9.11,2.73]
[9.12,2.91]
[9.15,0.27]
[9.16,2.95]
[9.17,0.1]
[9.21,0.1]
[9.22,0.1]
[9.24,2.98]
[9.24,2.85]
[9.25,2.79]
[9.25,0.13]
[9.25,2.95]
[9.25,0.16]
[9.27,0.12]
[9.31,0.1]
[9.32,0.1]
[9.32,0.07]
[9.35,0.18]
[9.36,2.95]
[9.36,0.11]
[9.39,2.92]
[9.39,2.98]
[9.4,0.12]
[9.41,2.8]
[9.42,0.11]
[9.43,0.08]
[9.45,0.09]
[9.46,0.1]
[9.48,0.09]
[9.49,2.92]
[9.51,0.09]
[9.51,0.08]
[9.51,2.93]
[9.52,0.13]
[9.52,3.05]
[9.54,3.01]
[9.56,0.13]
[9.56,0.11]
[9.58,0.09]
[9.6,0.08]
[9.6,3.01]
[9.6,0.08]
[9.62,0.1]
[9.63,3.04]
[9.66,0.12]
[9.66,0.09]
[9.66,0.1]
[9.67,3.12]
[9.68,3.06]
[9.71,0.13]
[9.71,0.11]
[9.73,0.11]
[9.75,3.12]
[9.76,0.16]
[9.78,0.13]
[9.79,0.13]
[9.79,0.15]
[9.8,3.16]
[9.81,0.11]
[9.82,3.18]
[9.82,3.19]
[9.83,0.1]
[9.88,0.12]
[9.89,0.12]
[9.92,3.26]
[9.97,3.23]
[9.98,3.17]
[10.03,3.31]
[10.07,3.32]
[10.09,3.33]
[10.15,3.28]
[10.22,3.4]
[10.24,3.46]
[10.3,3.49]
[10.39,3.53]
[10.47,3.56]
[10.48,3.52]
[10.55,3.54]
[10.58,3.63]
[10.63,2.61]
[10.72,3.74]
[10.74,3.7]
[10.75,3.69]
[10.76,3.75]
[10.85,2.64]
[10.86,3.66]
[10.88,3.65]
[10.9,3.62]
[10.97,3.58]
[10.97,3.72]
[10.99,3.68]
[11.06,3.59]
[11.08,3.55]
[11.09,3.74]
[11.12,3.77]
[11.2,3.55]
[11.21,3.85]
[11.22,3.59]
[11.23,3.75]
[11.37,3.6]
[11.37,3.79]
[11.4,3.74]
[11.43,3.66]
[11.5,3.79]
[11.5,3.83]
[11.58,3.77]
[11.61,2.13]
[11.66,3.83]
[11.73,2.71]
[11.75,3.84]
[11.76,2.7]
[11.77,3.79]
[11.88,3.77]
[11.9,2.66]
[11.91,3.75]
[12.0,3.75]
[12.01,2.76]
[12.08,3.62]
[12.1,3.68]
[12.12,2.8]
[12.18,3.33]
[12.2,2.88]
[12.23,3.49]
[12.29,2.83]
[12.32,3.39]
[12.34,3.44]
[12.42,2.82]
[12.43,3.48]
[12.5,3.49]
[12.52,3.37]
[12.58,3.34]
[12.58,2.92]
[12.68,3.28]
[12.7,3.19]
[12.78,3.28]
[12.79,3.13]
[12.88,3.17]
[12.91,3.68]
[13.1,5.25]
[14.13,6.17]
[14.22,6.18]
[14.45,6.37]
[14.5,6.1]
[14.66,6.0]
[14.8,6.15]
[14.98,6.3]
[15.03,6.32]
[15.19,6.46]
[15.39,6.63]
[15.42,6.63]
[15.49,6.64]
[15.6,6.63]
[15.68,6.0]
[15.76,6.76]