[1.06, 0.05]
[1.45, 0.06]
[1.57, 0.12]
[1.71, 0.13]
[1.99, 0.28]
[2.11, 0.11]
[2.39, 0.28]
[2.5, 0.11]
[3.15, 2.05]
[3.17, 0.67]
[3.65, 0.48]
[4.12, 0.46]
[4.18, 0.69]
[4.28, 0.11]
[4.4, 0.11]
[4.52, 0.11]
[4.58, 0.06]
[4.68, 0.57]
[5.25, 0.56]
[5.29, 0.69]
[5.87, 0.61]
[6.0, 0.7]
[6.45, 0.58]
[6.46, 0.45]
[6.55, 0.08]
[6.66, 0.11]
[6.87, 0.2]
[7.07, 0.61]
[7.63, 0.76]
[7.68, 0.04]
[7.73, 0.66]
[7.87, 0.12]
[7.98, 0.1]
[8.07, 0.09]
[8.67, 0.6]
[8.88, 1.2]
[9.28, 0.6]
[9.44, 0.16]
[9.96, 1.08]
[10.07, 0.11]
[10.1, 0.67]
[10.2, 0.11]
[10.2, 0.09]
[10.28, 0.07]
[10.38, 0.09]
[10.47, 0.09]
[10.56, 0.09]
[10.61, 0.05]
[10.72, 0.1]
[10.87, 0.66]
[11.28, 0.56]
[11.52, 0.65]
[11.64, 0.12]
[11.92, 0.28]
[12.07, 0.79]
[12.16, 0.08]
[12.27, 0.34]
[12.38, 0.11]
[12.49, 0.1]
[12.58, 0.1]
[12.72, 0.56]
[13.21, 0.63]
[13.64, 0.91]
[13.94, 0.72]
[13.98, 0.33]
[14.05, 0.11]
[14.05, 0.06]
[14.56, 0.51]
[14.62, 0.56]
[14.7, 0.14]
[14.86, 0.16]
[15.35, 0.63]
[15.4, 0.53]
[15.95, 0.6]
[16.07, 0.11]
[16.11, 0.72]
[16.12, 0.05]
[16.25, 0.13]
[16.26, 0.1]
[16.36, 0.11]
[16.44, 0.08]
[16.65, 0.37]
[17.03, 0.58]
[17.22, 0.57]
[17.31, 0.08]
[17.62, 0.58]
[18.09, 0.77]
[18.17, 0.08]
[18.22, 0.6]
[18.31, 0.09]
[18.86, 0.69]
[18.94, 0.63]
[18.99, 0.09]
[19.53, 0.59]
[19.56, 0.56]
[19.87, 0.3]
[19.95, 0.08]
[20.51, 0.55]
[20.53, 1.0]
[20.59, 0.07]
[20.6, 0.07]
[21.09, 0.5]
[21.16, 0.06]
[21.21, 0.6]
[21.71, 0.55]
[21.8, 0.58]
[21.9, 0.11]
[22.18, 0.47]
[22.29, 0.1]
[22.35, 0.45]
[22.44, 0.08]
[22.56, 0.11]
[22.66, 0.37]
[22.8, 0.13]
[22.85, 0.29]
[22.93, 0.08]
[22.94, 0.13]
[23.01, 0.08]
[23.11, 0.09]
[23.12, 0.18]
[23.2, 0.09]
[23.23, 0.1]
[23.25, 0.05]
[23.86, 0.61]
[23.88, 0.65]
[23.97, 0.09]
[24.31, 0.45]
[24.53, 0.55]
[24.61, 0.08]
[24.73, 0.42]
[24.73, 0.11]
[24.79, 0.06]
[24.88, 0.08]
[25.32, 0.58]
[25.42, 0.54]
[25.56, 0.13]
[25.97, 0.41]
[25.98, 0.67]
[26.05, 0.08]
[26.07, 0.08]
[26.16, 0.08]
[26.67, 0.62]
[26.73, 0.57]
[26.73, 0.06]
[27.21, 0.48]
[27.27, 0.06]
[27.31, 0.58]
[27.34, 0.06]
[27.38, 0.07]
[27.86, 0.52]
[27.93, 0.55]
[28.02, 0.08]
[28.15, 0.28]
[28.45, 0.43]
[28.54, 0.08]
[28.6, 0.06]
[28.69, 0.55]
[28.77, 0.07]
[29.27, 0.66]
[29.32, 0.54]
[29.41, 0.09]
[29.82, 0.55]
[29.98, 0.56]
[30.52, 0.54]
[30.54, 0.72]
[30.58, 0.05]
[31.09, 0.55]
[31.12, 0.54]
[31.72, 0.59]
[31.74, 0.65]
[32.0, 0.29]
[32.11, 0.06]
[32.17, 0.06]
[32.3, 0.29]
[32.69, 0.52]
[32.71, 0.41]
[33.15, 0.46]
[33.24, 0.52]
[33.76, 0.51]
[33.79, 0.63]
[33.85, 0.09]
[33.97, 0.12]
[34.23, 0.26]
[34.38, 0.14]
[34.43, 0.59]
[34.45, 0.06]
[34.53, 0.11]
[34.58, 0.13]
[35.1, 0.51]
[35.16, 0.62]
[35.22, 0.06]
[35.54, 0.43]
[35.63, 0.08]
[35.66, 0.44]
[35.7, 0.04]
[35.79, 0.09]
[35.87, 0.08]
[36.18, 0.55]
[36.25, 0.07]
[36.3, 0.05]
[36.36, 0.05]
[36.45, 0.57]
[36.49, 0.09]
[36.58, 0.12]
[36.86, 0.28]
[36.89, 0.4]
[36.92, 0.06]
[36.97, 0.07]
[37.04, 0.06]
[37.19, 0.26]
[37.27, 0.09]
[37.35, 0.07]
[37.41, 0.37]
[37.77, 0.42]
[37.84, 0.42]
[37.94, 0.09]
[38.31, 0.53]
[38.49, 0.54]
[38.69, 0.38]
[38.77, 0.28]
[38.9, 0.12]
[38.94, 0.04]
[39.04, 0.1]
[39.13, 0.08]
[39.21, 0.52]
[39.72, 0.57]
[39.83, 0.62]
[40.35, 0.63]
[40.42, 0.06]
[40.46, 0.62]
[40.54, 0.08]
[40.6, 0.05]
[40.66, 0.06]
[40.74, 0.08]
[40.79, 0.05]
[40.84, 0.05]
[40.91, 0.06]
[40.96, 0.54]
[41.12, 0.16]
[41.18, 0.05]
[41.32, 0.14]
[41.39, 0.07]
[41.45, 0.53]
[41.91, 0.52]
[42.04, 0.59]
[42.05, 0.14]
[42.12, 0.07]
[42.61, 0.55]
[42.66, 0.05]
[42.97, 0.85]
[43.01, 0.35]
[43.02, 0.05]
[43.08, 0.07]
[43.49, 0.41]
[43.6, 0.58]
[43.94, 0.45]
[44.12, 0.52]
[44.35, 0.4]
[44.43, 0.31]
[44.82, 0.39]
[44.91, 0.56]
[44.92, 0.1]
[45.24, 0.33]
[45.49, 0.56]
[45.78, 0.52]
[45.84, 0.06]
[45.93, 0.44]
[46.14, 0.3]
[46.48, 0.54]
[46.63, 0.16]
[46.74, 0.58]
[46.76, 0.12]
[47.1, 0.33]
[47.38, 0.63]
[47.86, 0.48]
[48.3, 0.57]
[48.45, 0.58]
[48.83, 0.53]
[48.91, 0.08]
[48.99, 0.08]
[49.0, 0.55]
[49.55, 0.55]
[49.59, 0.58]
[49.64, 0.09]
[50.08, 0.43]
[50.17, 0.58]
[50.18, 0.1]
[50.26, 0.08]
[50.31, 0.05]
[50.72, 0.54]
[50.78, 0.06]
[50.86, 0.08]
[50.9, 0.58]
[50.95, 0.08]
[50.95, 0.05]
[51.02, 0.06]
[51.04, 0.08]
[51.58, 0.56]
[51.6, 0.56]
[51.69, 0.1]
[51.69, 0.08]
[51.79, 0.09]
[52.21, 0.52]
[52.31, 0.1]
[52.37, 0.58]
[52.54, 0.17]
[52.64, 0.1]
[52.84, 0.52]
[52.9, 0.06]
[53.02, 0.12]
[53.09, 0.06]
[53.17, 0.53]
[53.21, 0.11]
[53.74, 0.56]
[53.75, 0.55]
[53.82, 0.08]
[53.88, 0.12]
[54.31, 0.43]
[54.49, 0.67]
[54.67, 0.35]
[54.77, 0.1]
[55.12, 0.63]
[55.25, 0.12]
[55.3, 0.52]
[55.8, 0.54]
[55.85, 0.55]
[55.91, 0.05]
[55.99, 0.08]
[56.08, 0.08]
[56.35, 0.55]
[56.71, 0.63]
[56.76, 0.05]
[56.84, 0.08]
[56.95, 0.59]
[56.96, 0.11]
[57.49, 0.52]
[57.49, 0.54]
[57.56, 0.07]
[57.57, 0.08]
[57.68, 0.12]
[57.77, 0.08]
[58.11, 0.54]
[58.33, 0.56]
[58.51, 0.18]
[58.58, 0.46]
[58.64, 0.06]
[58.76, 0.12]
[58.85, 0.09]
[59.08, 0.56]
[59.15, 0.3]
[59.19, 0.04]
[59.28, 0.08]
[59.6, 0.51]
[59.69, 0.09]
[59.78, 0.08]
[59.89, 0.61]
[59.95, 0.06]
[60.04, 0.09]
[60.26, 0.48]
[60.32, 0.06]
[60.41, 0.37]
[60.53, 0.11]
[60.66, 0.07]
[60.85, 0.52]
[60.9, 0.05]
[60.94, 0.04]
[61.0, 0.34]
[61.04, 0.04]
[61.53, 0.58]
[61.61, 0.56]
[61.62, 0.08]
[61.73, 0.12]
[62.15, 0.53]
[62.29, 0.56]
[62.67, 0.38]
[62.73, 0.57]
[62.81, 0.08]
[62.87, 0.05]
[63.24, 0.56]
[63.44, 0.57]
[63.78, 0.53]
[63.88, 0.43]
[64.38, 0.6]
[64.41, 0.53]
[64.47, 0.06]
[65.01, 0.63]
[65.06, 0.58]
[65.11, 0.05]
[65.29, 0.28]
[65.66, 0.55]
[65.91, 0.24]
[66.06, 0.76]
[66.26, 0.35]
[66.32, 0.05]
[66.7, 0.38]
[66.75, 0.05]
[66.88, 0.81]
[67.3, 0.42]
[67.33, 0.57]
[67.37, 0.06]
[67.65, 0.32]
[67.93, 0.56]
[67.94, 0.29]
[67.99, 0.06]
[68.04, 0.09]
[68.1, 0.07]
[68.16, 0.05]
[68.56, 0.57]
[68.66, 0.1]
[68.68, 0.52]
[69.08, 0.41]
[69.24, 0.55]
[69.67, 0.43]
[69.71, 0.63]
[70.18, 0.5]
[70.34, 0.63]
[70.69, 0.5]
[70.97, 0.62]
[71.08, 0.39]
[71.14, 0.05]
[71.21, 0.06]
[71.27, 0.05]
[71.34, 0.06]
[71.59, 0.62]
[71.87, 0.53]
[71.95, 0.08]
[72.22, 0.63]
[72.33, 0.1]
[72.33, 0.38]
[72.42, 0.08]
[72.58, 0.16]
[72.67, 0.09]
[72.74, 0.06]
[72.88, 0.54]
[73.42, 0.53]
[73.47, 0.73]
[73.8, 0.33]
[73.94, 0.52]
[74.3, 0.35]
[74.41, 0.61]
[74.86, 0.56]
[75.02, 0.09]
[75.04, 0.63]
[75.1, 0.06]
[75.24, 0.22]
[75.48, 0.24]
[75.83, 0.72]
[75.91, 0.08]
[76.01, 0.52]
[76.5, 0.58]
[76.54, 0.53]
[76.55, 0.05]
[76.62, 0.08]
[76.7, 0.07]
[76.81, 0.26]
[77.14, 0.43]
[77.21, 0.07]
[77.31, 0.09]
[77.39, 0.07]
[77.63, 0.81]
[77.67, 0.05]
[77.82, 0.42]
[77.86, 0.04]
[77.92, 0.05]
[78.02, 0.09]
[78.08, 0.06]
[78.38, 0.7]
[78.64, 0.55]
[78.71, 0.07]
[78.77, 0.05]
[78.84, 0.06]
[79.0, 0.63]
[79.08, 0.08]
[79.36, 0.51]
[79.41, 0.06]
[79.49, 0.06]
[79.54, 0.05]
[79.84, 0.75]
[79.92, 0.07]
[79.97, 0.05]
[80.1, 0.55]
[80.15, 0.05]
[80.25, 0.09]
[80.32, 0.06]
[80.47, 0.49]
[80.53, 0.07]
[80.62, 0.08]
[80.88, 0.55]
[81.3, 0.67]
[81.37, 0.06]
[81.38, 0.5]
[81.44, 0.06]
[81.93, 0.55]
[82.04, 0.6]
[82.47, 0.54]
[82.55, 0.51]
[82.58, 0.1]
[82.67, 0.09]
[83.08, 0.53]
[83.18, 0.5]
[83.47, 0.29]
[83.71, 0.62]
[83.79, 0.08]
[84.04, 0.57]
[84.22, 0.44]
[84.26, 0.04]
[84.27, 0.22]
[84.35, 0.08]
[84.57, 0.22]
[84.84, 0.27]
[84.85, 0.59]
[84.95, 0.09]
[85.06, 0.11]
[85.38, 0.52]
[85.38, 0.32]
[85.45, 0.07]
[85.54, 0.09]
[85.59, 0.2]
[85.61, 0.07]
[85.66, 0.05]
[86.12, 0.53]
[86.18, 0.52]
[86.29, 0.11]
[86.48, 0.36]
[86.52, 0.23]
[86.52, 0.04]
[86.57, 0.04]
[86.94, 0.42]
[87.05, 0.1]
[87.08, 0.51]
[87.34, 0.29]
[87.42, 0.08]
[87.49, 0.05]
[87.57, 0.08]
[87.72, 0.64]
[88.2, 0.63]
[88.26, 0.06]
[88.26, 0.53]
[88.31, 0.05]
[88.61, 0.35]
[88.82, 0.51]
[89.25, 0.63]
[89.33, 0.51]
[89.76, 0.51]
[89.82, 0.05]
[89.86, 0.53]
[89.9, 0.07]
[90.0, 0.1]
[90.08, 0.08]
[90.12, 0.25]
[90.49, 0.41]
[90.53, 0.04]
[90.57, 0.04]
[90.68, 0.55]
[90.76, 0.08]
[91.01, 0.24]
[91.1, 0.09]
[91.23, 0.65]
[91.63, 0.52]
[91.64, 0.41]
[91.88, 0.25]
[92.17, 0.52]
[92.21, 0.04]
[92.29, 0.08]
[92.44, 0.55]
[92.69, 0.4]
[92.73, 0.29]
[92.99, 0.25]
[93.03, 0.04]
[93.08, 0.04]
[93.16, 0.08]
[93.32, 0.63]
[93.75, 0.59]
[93.81, 0.05]
[93.85, 0.52]
[93.9, 0.05]
[93.98, 0.08]
[94.35, 0.54]
[94.38, 0.04]
[94.43, 0.04]
[94.57, 0.58]
[94.62, 0.05]
[94.67, 0.05]
[94.71, 0.04]
[94.76, 0.05]
[94.96, 0.52]
[95.02, 0.06]
[95.2, 0.44]
[95.41, 0.39]
[95.61, 0.41]
[95.69, 0.08]
[95.91, 0.49]
[96.06, 0.15]
[96.13, 0.44]
[96.18, 0.05]
[96.62, 0.56]
[96.76, 0.58]
[96.76, 0.13]
[97.0, 0.24]
[97.39, 0.63]
[97.46, 0.07]
[97.54, 0.53]
[97.58, 0.11]
[97.59, 0.04]
[97.79, 0.2]
[97.83, 0.04]
[97.89, 0.06]
[97.94, 0.04]
[98.12, 0.54]
[98.24, 0.12]
[98.46, 0.52]
[98.75, 0.51]
[98.99, 0.53]
[99.06, 0.06]
[99.16, 0.09]
[99.24, 0.08]
[99.33, 0.26]
[99.55, 0.23]
[99.79, 0.54]
[99.83, 0.04]
[99.91, 0.08]
[100.05, 0.49]
[100.13, 0.07]
[100.19, 0.05]
[100.31, 0.11]
[100.53, 0.62]
[100.54, 0.22]
[101.08, 0.54]
[101.17, 0.63]
[101.24, 0.07]
[101.31, 0.23]
[101.52, 0.21]
[101.58, 0.06]
[101.62, 0.04]
[101.63, 0.38]
[101.67, 0.04]
[101.76, 0.09]
[101.84, 0.08]
[102.14, 0.51]
[102.42, 0.57]
[102.84, 0.69]
[102.88, 0.04]
[102.94, 0.52]
[102.99, 0.04]
[103.34, 0.46]
[103.51, 0.51]
[103.72, 0.21]
[103.97, 0.63]
[104.04, 0.06]
[104.25, 0.52]
[104.7, 0.66]
[104.79, 0.09]
[104.83, 0.57]
[105.2, 0.37]
[105.25, 0.05]
[105.32, 0.53]
[105.38, 0.05]
[105.42, 0.04]
[105.7, 0.44]
[105.95, 0.54]
[106.25, 0.54]
[106.26, 0.31]
[106.32, 0.05]
[106.34, 0.08]
[106.36, 0.04]
[106.44, 0.07]
[106.51, 0.07]
[106.74, 0.22]
[106.93, 0.59]
[106.97, 0.04]
[107.0, 0.26]
[107.04, 0.04]
[107.04, 0.07]
[107.08, 0.04]
[107.16, 0.11]
[107.2, 0.04]
[107.62, 0.54]
[107.71, 0.08]
[107.72, 0.51]
[108.25, 0.52]
[108.3, 0.05]
[108.35, 0.64]
[108.41, 0.06]
[108.79, 0.49]
[108.97, 0.56]
[109.35, 0.55]
[109.4, 0.42]
[109.41, 0.06]
[109.71, 0.31]
[109.91, 0.49]
[110.02, 0.31]
[110.45, 0.54]
[110.55, 0.53]
[110.86, 0.3]
[110.96, 0.5]
[111.17, 0.31]
[111.22, 0.05]
[111.34, 0.38]
[111.38, 0.04]
[111.71, 0.32]
[112.01, 0.78]
[112.06, 0.05]
[112.07, 0.35]
[112.1, 0.04]
[112.63, 0.51]
[112.64, 0.57]
[112.74, 0.1]
[112.8, 0.06]
[113.13, 0.49]
[113.16, 0.36]
[113.18, 0.05]
[113.47, 0.31]
[113.6, 0.42]
[113.66, 0.05]
[114.02, 0.55]
[114.15, 0.08]
[114.18, 0.52]
[114.73, 0.58]
[114.74, 0.54]
[114.77, 0.04]
[115.3, 0.55]
[115.35, 0.58]
[115.48, 0.11]
[115.93, 0.63]
[116.09, 0.61]
[116.18, 0.09]
[116.43, 0.5]
[116.51, 0.06]
[116.57, 0.05]
[116.71, 0.53]
[116.77, 0.05]
[117.09, 0.53]
[117.16, 0.06]
[117.27, 0.11]
[117.34, 0.57]
[117.35, 0.08]
[117.64, 0.28]
[117.97, 0.62]
[118.04, 0.08]
[118.17, 0.53]
[118.25, 0.08]
[118.27, 0.23]
[118.32, 0.06]
[118.35, 0.07]
[118.37, 0.05]
[118.39, 0.04]
[118.44, 0.06]
[118.49, 0.05]
[118.61, 0.11]
[119.01, 0.61]
[119.17, 0.56]
[119.22, 0.05]
[119.31, 0.09]
[119.32, 0.31]
[119.35, 0.04]
[119.4, 0.05]
[119.48, 0.06]
[119.52, 0.04]
[119.58, 0.06]
[119.91, 0.32]
[119.95, 0.62]
[119.96, 0.05]
[120.04, 0.07]
[120.1, 0.06]
[120.58, 0.62]
[120.61, 0.5]
[120.62, 0.04]
[121.09, 0.48]
[121.2, 0.58]
[121.62, 0.41]
[121.62, 0.53]
[122.18, 0.56]
[122.25, 0.63]
[122.4, 0.14]
[122.59, 0.41]
[122.67, 0.07]
[122.73, 0.05]
[122.8, 0.07]
[122.87, 0.47]
[122.89, 0.08]
[123.03, 0.14]
[123.13, 0.08]
[123.29, 0.42]
[123.33, 0.03]
[123.42, 0.09]
[123.48, 0.05]
[123.65, 0.51]
[124.03, 0.55]
[124.18, 0.53]
[124.26, 0.07]
[124.32, 0.06]
[124.4, 0.06]
[124.55, 0.51]
[124.79, 0.39]
[124.89, 0.1]
[125.07, 0.52]
[125.12, 0.05]
[125.16, 0.26]
[125.69, 0.56]
[125.7, 0.49]
[126.21, 0.52]
[126.31, 0.6]
[126.74, 0.52]
[126.81, 0.07]
[126.85, 0.54]
[126.9, 0.09]
[127.36, 0.46]
[127.41, 0.55]
[127.46, 0.05]
[127.9, 0.53]
[127.96, 0.49]
[128.41, 0.51]
[128.47, 0.06]
[128.51, 0.54]
[128.57, 0.06]
[128.64, 0.07]
[128.7, 0.05]
[129.03, 0.56]
[129.12, 0.42]
[129.36, 0.24]
[129.56, 0.52]
[129.95, 0.53]
[129.99, 0.04]
[130.19, 0.62]
[130.22, 0.03]
[130.52, 0.52]
[130.58, 0.06]
[130.6, 0.38]
[131.13, 0.53]
[131.13, 0.54]
[131.16, 0.03]
[131.18, 0.05]
[131.57, 0.39]
[131.72, 0.56]
[131.77, 0.05]
[132.1, 0.53]
[132.36, 0.26]
[132.38, 0.61]
[132.52, 0.11]
[132.9, 0.52]
[132.9, 0.37]
[132.96, 0.06]
[132.98, 0.09]
[133.21, 0.25]
[133.45, 0.46]
[133.72, 0.51]
[133.81, 0.09]
[134.04, 0.59]
[134.09, 0.05]
[134.36, 0.54]
[134.49, 0.39]
[134.55, 0.05]
[134.67, 0.11]
[134.77, 0.1]
[134.88, 0.52]
[135.05, 0.28]
[135.11, 0.06]
[135.22, 0.09]
[135.51, 0.62]
[135.58, 0.06]
[135.66, 0.44]
[135.74, 0.08]
[136.02, 0.27]
[136.08, 0.05]
[136.14, 0.56]
[136.34, 0.26]
[136.55, 0.41]
[136.57, 0.23]
[137.07, 0.49]
[137.08, 0.52]
[137.13, 0.05]
[137.14, 0.06]
[137.2, 0.07]
[137.27, 0.06]
[137.35, 0.08]
[137.4, 0.05]
[137.43, 0.28]
[137.51, 0.08]
[137.79, 0.28]
[137.92, 0.51]
[138.22, 0.31]
[138.28, 0.05]
[138.36, 0.57]
[138.8, 0.52]
[138.88, 0.51]
[138.92, 0.12]
[139.37, 0.45]
[139.41, 0.53]
[139.95, 0.53]
[140.0, 0.63]
[140.08, 0.07]
[140.11, 0.16]
[140.16, 0.08]
[140.2, 0.08]
[140.21, 0.05]
[140.3, 0.1]
[140.39, 0.09]
[140.73, 0.52]
[140.79, 0.06]
[140.87, 0.08]
[141.0, 0.11]
[141.08, 0.08]
[141.15, 0.08]
[141.28, 0.89]
[141.34, 0.05]
[141.46, 0.31]
[141.51, 0.17]
[141.54, 0.06]
[141.63, 0.12]
[141.75, 0.12]
[141.88, 0.33]
[141.97, 0.08]
[142.19, 0.23]
[142.25, 0.06]
[142.28, 0.51]
[142.36, 0.08]
[142.61, 0.36]
[142.72, 0.08]
[142.77, 0.05]
[142.82, 0.05]
[142.83, 0.46]
[142.89, 0.07]
[142.91, 0.08]
[142.94, 0.05]
[143.0, 0.06]
[143.17, 0.26]
[143.55, 0.55]
[143.61, 0.05]
[143.69, 0.51]
[143.8, 0.1]
[144.18, 0.58]
[144.35, 0.55]
[144.65, 0.29]
[144.73, 0.54]
[144.81, 0.08]
[144.87, 0.05]
[144.91, 0.04]
[145.19, 0.55]
[145.34, 0.43]
[145.69, 0.49]
[145.85, 0.51]
[145.9, 0.05]
[146.12, 0.43]
[146.16, 0.26]
[146.22, 0.05]
[146.26, 0.04]
[146.36, 0.1]
[146.4, 0.04]
[146.4, 0.28]
[146.51, 0.1]
[146.75, 0.24]
[147.0, 0.6]
[147.09, 0.08]
[147.15, 0.06]
[147.28, 0.52]
[147.33, 0.05]
[147.5, 0.35]
[147.57, 0.06]
[147.64, 0.07]
[147.81, 0.47]
[148.15, 0.51]
[148.31, 0.5]
[148.37, 0.04]
[148.46, 0.1]
[148.55, 0.09]
[148.65, 0.1]
[148.76, 0.1]
[148.77, 0.62]
[148.87, 0.1]
[148.93, 0.06]
[149.19, 0.42]
[149.43, 0.5]
[149.52, 0.08]
[149.61, 0.09]
[149.72, 0.52]
[149.72, 0.1]
[149.78, 0.06]
[150.3, 0.51]
[150.34, 0.62]
[150.39, 0.09]
[150.87, 0.52]
[150.95, 0.56]
[151.02, 0.06]
[151.39, 0.52]
[151.7, 0.67]
[151.91, 0.52]
[152.22, 0.31]
[152.46, 0.77]
[152.77, 0.3]
[152.82, 0.05]
[153.06, 0.84]
[153.29, 0.23]
[153.33, 0.04]
[153.35, 0.52]
[153.4, 0.06]
[153.45, 0.05]
[153.51, 0.05]
[153.9, 0.55]
[154.1, 0.59]
[154.41, 0.3]
[154.43, 0.52]
[154.51, 0.08]
[154.59, 0.08]
[154.66, 0.06]
[154.74, 0.08]
[154.85, 0.1]
[154.92, 0.06]
[154.99, 0.06]
[155.05, 0.63]
[155.56, 0.52]
[155.64, 0.65]
[155.7, 0.06]
[155.8, 0.09]
[155.98, 0.41]
[156.08, 0.1]
[156.22, 0.43]
[156.31, 0.08]
[156.71, 0.63]
[156.83, 0.52]
[156.88, 0.04]
[157.42, 0.53]
[157.44, 0.73]
[157.55, 0.13]
[158.07, 0.63]
[158.07, 0.52]
[158.19, 0.11]
[158.28, 0.09]
[158.34, 0.05]
[158.64, 0.29]
[158.7, 0.62]
[158.71, 0.06]
[158.79, 0.07]
[158.92, 0.13]
[158.99, 0.07]
[159.05, 0.06]
[159.16, 0.1]
[159.22, 0.52]
[159.32, 0.1]
[159.69, 0.52]
[159.74, 0.04]
[159.83, 0.09]
[159.95, 0.62]
[160.03, 0.14]
[160.11, 0.07]
[160.19, 0.08]
[160.26, 0.31]
[160.31, 0.05]
[160.32, 0.13]
[160.37, 0.05]
[160.42, 0.05]
[160.78, 0.47]
[160.84, 0.06]
[160.95, 0.52]
[161.07, 0.1]
[161.15, 0.08]
[161.2, 0.36]
[161.22, 0.06]
[161.29, 0.08]
[161.37, 0.08]
[161.42, 0.04]
[161.45, 0.22]
[161.5, 0.08]
[161.5, 0.05]
[162.03, 0.52]
[162.04, 0.54]
[162.17, 0.13]
[162.33, 0.3]
[162.63, 0.46]
[162.7, 0.07]
[162.76, 0.06]
[162.84, 0.51]
[162.97, 0.12]
[163.04, 0.07]
[163.19, 0.43]
[163.19, 0.15]
[163.32, 0.13]
[163.45, 0.13]
[163.5, 0.3]
[163.58, 0.06]
[164.03, 0.58]
[164.1, 0.07]
[164.17, 0.07]
[164.29, 0.12]
[164.4, 0.1]
[164.46, 0.88]
[164.48, 0.08]
[164.53, 0.07]
[164.9, 0.36]
[165.07, 0.59]
[165.17, 0.1]
[165.4, 0.5]
[165.52, 0.12]
[165.61, 0.08]
[165.67, 0.06]
[165.68, 0.5]
[165.73, 0.05]
[165.78, 0.05]
[165.79, 0.06]
[165.91, 0.12]
[166.22, 0.44]
[166.47, 0.56]
[166.55, 0.08]
[166.63, 0.42]
[166.72, 0.08]
[166.81, 0.04]
[166.89, 0.08]
[167.2, 0.65]
[167.47, 0.58]
[167.72, 0.52]
[167.87, 0.15]
[167.92, 0.05]
[167.98, 0.5]
[168.43, 0.5]
[168.49, 0.06]
[168.52, 0.54]
[168.55, 0.05]
[168.6, 0.08]
[168.62, 0.07]
[168.65, 0.05]
[169.08, 0.45]
[169.15, 0.07]
[169.25, 0.59]
[169.32, 0.07]
[169.41, 0.26]
[169.98, 0.65]
[170.15, 0.73]
[170.33, 0.18]
[170.41, 0.43]
[170.5, 0.09]
[170.52, 0.18]
[170.81, 0.31]
[170.87, 0.05]
[170.96, 0.09]
[171.09, 0.57]
[171.14, 0.05]
[171.55, 0.59]
[171.64, 0.49]
[172.07, 0.52]
[172.33, 0.69]
[172.42, 0.09]
[172.59, 0.52]
[172.64, 0.05]
[172.72, 0.29]
[173.22, 0.57]
[173.23, 0.51]
[173.27, 0.05]
[173.74, 0.51]
[173.85, 0.58]
[173.85, 0.09]
[174.23, 0.38]
[174.3, 0.07]
[174.37, 0.52]
[174.43, 0.06]
[174.55, 0.11]
[174.61, 0.3]
[174.65, 0.09]
[174.79, 0.13]
[174.9, 0.3]
[174.96, 0.05]
[175.03, 0.07]
[175.33, 0.54]
[175.47, 0.13]
[175.62, 0.59]
[175.76, 0.13]
[175.85, 0.09]
[175.91, 0.44]
[176.46, 0.61]
[176.52, 0.6]
[177.01, 0.49]
[177.08, 0.62]
[177.13, 0.05]
[177.14, 0.13]
[177.59, 0.44]
[177.69, 0.1]
[177.71, 0.57]
[177.81, 0.09]
[177.86, 0.05]
[177.93, 0.07]
[178.01, 0.08]
[178.2, 0.51]
[178.28, 0.08]
[178.31, 0.29]
[178.41, 0.1]
[178.81, 0.53]
[178.96, 0.56]
[178.96, 0.15]
[179.05, 0.07]
[179.29, 0.33]
[179.38, 0.08]
[179.9, 0.85]
[179.9, 0.5]
[180.43, 0.52]
[180.63, 0.51]
[180.79, 0.12]
[180.84, 0.05]
[180.95, 0.52]
[181.36, 0.41]
[181.43, 0.59]
[181.53, 0.09]
[181.58, 0.05]
[181.67, 0.08]
[181.95, 0.28]
[182.1, 0.74]
[182.24, 0.14]
[182.28, 0.33]
[182.35, 0.06]
[182.63, 0.28]
[182.75, 0.51]
[182.91, 0.29]
[183.03, 0.28]
[183.47, 0.55]
[183.56, 0.52]
[183.63, 0.06]
[183.7, 0.06]
[183.75, 0.28]
[184.03, 0.28]
[184.29, 0.59]
[184.4, 0.37]
[184.81, 0.52]
[184.93, 0.53]
[185.02, 0.09]
[185.11, 0.08]
[185.42, 0.31]
[185.44, 0.63]
[185.77, 0.34]
[185.83, 0.07]
[185.96, 0.52]
[186.03, 0.06]
[186.15, 0.11]
[186.2, 0.05]
[186.2, 0.36]
[186.31, 0.11]
[186.37, 0.17]
[186.43, 0.05]
[186.62, 0.19]
[186.84, 0.53]
[186.89, 0.05]
[186.94, 0.05]
[187.31, 0.69]
[187.39, 0.08]
[187.46, 0.51]
[187.47, 0.08]
[187.52, 0.06]
[187.57, 0.1]
[188.03, 0.49]
[188.26, 0.68]
[188.34, 0.31]
[188.39, 0.06]
[188.88, 0.62]
[188.96, 0.56]
[188.99, 0.1]
[189.47, 0.5]
[189.51, 0.52]
[189.99, 0.52]
[190.04, 0.52]
[190.05, 0.06]
[190.16, 0.1]
[190.24, 0.08]
[190.29, 0.05]
[190.38, 0.08]
[190.55, 0.52]
[190.64, 0.26]
[190.92, 0.27]
[191.17, 0.25]
[191.18, 0.63]
[191.71, 0.52]
[191.77, 0.6]
[192.31, 0.53]
[192.32, 0.62]
[192.72, 0.41]
[192.75, 0.42]
[192.84, 0.12]
[192.86, 0.11]
[192.96, 0.09]
[192.97, 0.12]
[193.07, 0.11]
[193.15, 0.08]
[193.46, 0.49]
[193.74, 0.28]
[193.79, 0.64]
[193.9, 0.11]
[193.98, 0.08]
[194.27, 0.52]
[194.36, 0.09]
[194.52, 0.54]
[194.62, 0.25]
[194.67, 0.14]
[194.72, 0.05]
[194.87, 0.25]
[195.04, 0.33]
[195.11, 0.06]
[195.17, 0.29]
[195.22, 0.11]
[195.31, 0.09]
[195.36, 0.05]
[195.44, 0.08]
[195.7, 0.52]
[195.99, 0.55]
[196.07, 0.37]
[196.08, 0.08]
[196.14, 0.06]
[196.19, 0.05]
[196.25, 0.05]
[196.4, 0.15]
[196.47, 0.07]
[196.61, 0.53]
[196.97, 0.36]
[196.98, 0.51]
[197.27, 0.3]
[197.29, 0.3]
[197.33, 0.05]
[197.37, 0.07]
[197.69, 0.32]
[197.71, 0.38]
[198.21, 0.51]
[198.29, 0.58]
[198.39, 0.1]
[198.55, 0.34]
[198.6, 0.05]
[198.68, 0.08]
[198.74, 0.06]
[198.83, 0.44]
[198.91, 0.08]
[199.26, 0.52]
[199.54, 0.62]
[199.61, 0.08]
[199.73, 0.47]
[199.89, 0.15]
[200.17, 0.55]
[200.43, 0.53]
[200.54, 0.11]
[200.63, 0.08]
[200.89, 0.72]
[201.12, 0.48]
[201.18, 0.05]
[201.21, 0.31]
[201.52, 0.31]
[201.69, 0.5]
[201.83, 0.31]
[202.13, 0.29]
[202.18, 0.05]
[202.2, 0.52]
[202.31, 0.11]
[202.42, 0.1]
[202.47, 0.29]
[202.55, 0.06]
[202.88, 0.33]
[202.94, 0.52]
[202.99, 0.11]
[203.3, 0.3]
[203.46, 0.52]
[203.56, 0.09]
[203.97, 0.4]
[204.04, 0.08]
[204.58, 0.53]
[204.63, 0.05]
[204.93, 0.3]
[204.97, 1.67]
[205.28, 0.31]
[205.61, 0.67]
[205.81, 0.53]
[206.12, 0.31]
[206.34, 0.73]
[206.64, 0.52]
[206.85, 0.51]
[206.96, 0.09]
[207.06, 0.08]
[207.48, 0.83]
[207.55, 0.49]
[207.61, 0.14]
[207.62, 0.08]
[207.73, 0.09]
[207.89, 0.28]
[207.93, 0.19]
[208.02, 0.13]
[208.1, 0.07]
[208.22, 0.12]
[208.44, 0.51]
[208.99, 0.55]
[209.1, 0.88]
[209.13, 0.14]
[209.15, 0.05]
[209.21, 0.07]
[209.27, 0.05]
[209.39, 0.25]
[209.49, 0.08]
[209.77, 0.28]
[209.78, 0.51]
[209.87, 0.1]
[210.0, 0.13]
[210.05, 0.05]
[210.16, 0.1]
[210.21, 0.43]
[210.23, 0.07]
[210.27, 0.05]
[210.3, 0.07]
[210.35, 0.05]
[210.47, 0.11]
[210.57, 0.09]
[211.02, 0.75]
[211.24, 0.66]
[211.28, 0.04]
[211.35, 0.07]
[211.41, 0.05]
[211.52, 0.5]
[211.75, 0.34]
[212.01, 0.49]
[212.28, 0.53]
[212.46, 0.44]
[212.52, 0.06]
[212.7, 0.41]
[213.07, 0.55]
[213.22, 0.52]
[213.36, 0.29]
[213.42, 0.05]
[213.69, 0.27]
[213.85, 0.62]
[214.05, 0.2]
[214.21, 0.51]
[214.47, 0.42]
[214.53, 0.05]
[214.71, 0.49]
[214.76, 0.05]
[215.1, 0.57]
[215.25, 0.49]
[215.3, 0.04]
[215.45, 0.15]
[215.66, 0.55]
[215.98, 0.52]
[216.24, 0.26]
[216.36, 0.7]
[216.52, 0.28]
[216.57, 0.05]
[216.83, 0.47]
[216.94, 0.11]
[217.12, 0.54]
[217.22, 0.09]
[217.4, 0.45]
[217.77, 0.54]
[217.82, 0.05]
[217.91, 0.09]
[218.13, 0.73]
[218.44, 0.31]
[218.46, 0.55]
[218.49, 0.05]
[218.55, 0.08]
[218.58, 0.08]
[218.68, 0.11]
[218.76, 0.07]
[218.98, 0.42]
[219.1, 0.12]
[219.15, 0.05]
[219.2, 0.05]
[219.27, 0.06]
[219.3, 0.53]
[219.34, 0.06]
[219.91, 0.6]
[219.98, 0.07]
[220.17, 0.83]
[220.23, 0.06]
[220.28, 0.29]
[220.74, 0.5]
[220.85, 0.57]
[221.28, 0.53]
[221.37, 0.52]
[221.47, 0.1]
[221.49, 0.21]
[221.9, 0.4]
[221.99, 0.52]
[222.42, 0.52]
[222.73, 0.73]
[222.77, 0.05]
[222.84, 0.42]
[223.23, 0.45]
[223.71, 0.87]
[223.77, 0.54]
[223.86, 0.09]
[223.86, 0.15]
[224.36, 0.5]
[224.4, 0.53]
[224.47, 0.08]
[224.82, 0.46]
[224.92, 0.45]
[225.03, 0.09]
[225.08, 0.05]
[225.38, 0.54]
[225.45, 0.07]
[225.54, 0.46]
[225.58, 0.04]
[225.65, 0.06]
[226.1, 0.65]
[226.17, 0.53]
[226.6, 0.5]
[226.7, 0.52]
[226.81, 0.12]
[226.86, 0.05]
[226.86, 0.26]
[226.97, 0.1]
[227.07, 0.21]
[227.18, 0.1]
[227.32, 0.35]
[227.38, 0.06]
[227.43, 0.25]
[227.45, 0.07]
[227.48, 0.05]
[227.56, 0.08]
[227.64, 0.08]
[227.74, 0.28]
[227.79, 0.05]
[227.83, 0.05]
[227.89, 0.25]
[228.15, 0.32]
[228.39, 0.49]
[228.45, 0.06]
[228.68, 0.52]
[228.96, 0.5]
[228.99, 0.31]
[229.07, 0.06]
[229.47, 0.51]
[229.62, 0.55]
[229.98, 0.5]
[230.03, 0.05]
[230.14, 0.52]
[230.29, 0.25]
[230.65, 0.51]
[230.69, 0.4]
[230.79, 0.09]
[230.97, 0.32]
[231.06, 0.08]
[231.53, 0.73]
[231.63, 0.57]
[232.23, 0.6]
[232.27, 0.73]
[232.54, 0.31]
[232.88, 0.61]
[233.07, 0.52]
[233.11, 0.04]
[233.16, 0.05]
[233.2, 0.05]
[233.5, 0.61]
[233.55, 0.05]
[233.58, 0.38]
[233.6, 0.04]
[234.0, 0.42]
[234.05, 0.45]
[234.13, 0.13]
[234.13, 0.08]
[234.25, 0.1]
[234.31, 0.05]
[234.42, 0.11]
[234.51, 0.09]
[234.63, 0.5]
[234.81, 0.3]
[234.94, 0.31]
[235.02, 0.08]
[235.09, 0.07]
[235.18, 0.08]
[235.3, 0.11]
[235.32, 0.51]
[235.37, 0.04]
[235.38, 0.08]
[235.44, 0.05]
[235.88, 0.44]
[235.95, 0.54]
[236.05, 0.1]
[236.35, 0.3]
[236.42, 0.54]
[236.57, 0.15]
[236.91, 0.56]
[237.43, 0.51]
[237.55, 0.98]
[237.76, 0.21]
[237.83, 0.06]
[238.16, 0.73]
[238.6, 0.77]
[238.68, 0.52]
[239.13, 0.53]
[239.2, 0.51]
[239.64, 0.51]
[239.79, 0.58]
[239.81, 0.17]
[240.28, 0.48]
[240.35, 0.53]
[240.78, 0.51]
[241.31, 0.96]
[241.39, 0.6]
[241.73, 0.42]
[241.84, 0.1]
[241.89, 0.49]
[241.96, 0.07]
[242.17, 0.21]
[242.36, 0.52]
[242.9, 0.72]
[242.95, 0.05]
[242.99, 0.63]
[243.49, 0.53]
[243.51, 0.52]
[243.91, 0.42]
[244.03, 0.52]
[244.13, 0.09]
[244.15, 0.23]
[244.37, 0.22]
[244.43, 0.06]
[244.66, 0.53]
[244.92, 0.49]
[245.01, 0.08]
[245.24, 0.58]
[245.39, 0.38]
[245.47, 0.08]
[245.6, 0.35]
[245.99, 0.51]
[246.12, 0.52]
[246.18, 0.05]
[246.26, 0.08]
[246.27, 0.28]
[246.32, 0.05]
[246.39, 0.06]
[246.61, 0.22]
[246.71, 0.1]
[246.8, 0.08]
[246.87, 0.61]
[247.05, 0.24]
[247.12, 0.07]
[247.19, 0.06]
[247.38, 0.5]
[247.41, 0.22]
[247.45, 0.07]
[247.5, 0.08]
[247.79, 0.34]
[247.84, 0.05]
[247.9, 0.05]
[247.98, 0.48]
[248.49, 0.51]
[248.61, 0.7]
[248.74, 0.13]
[248.76, 0.27]
[249.0, 0.23]
[249.25, 0.51]
[249.38, 0.11]
[249.43, 0.05]
[249.52, 0.52]
[249.74, 0.21]
[249.88, 0.45]
[249.93, 0.05]
[250.01, 0.08]
[250.06, 0.05]
[250.14, 0.06]
[250.18, 0.04]
[250.23, 0.05]
[250.25, 0.51]
[250.29, 0.04]
[250.36, 0.13]
[250.4, 0.04]
[250.49, 0.2]
[250.53, 0.13]
[250.53, 0.04]
[250.6, 0.06]
[250.61, 0.08]
[250.67, 0.05]
[251.13, 0.46]
[251.19, 0.05]
[251.3, 0.7]
[251.35, 0.04]
[251.4, 0.04]
[251.44, 0.04]
[251.76, 0.58]
[251.97, 0.52]
[252.29, 0.52]
[252.47, 0.5]
[252.53, 0.06]
[252.58, 0.05]
[252.62, 0.03]
[252.8, 0.52]
[252.93, 0.31]
[253.33, 0.52]
[253.49, 0.57]
[253.64, 0.31]
[254.02, 0.52]
[254.17, 0.53]
[254.22, 0.05]
[254.3, 0.07]
[254.32, 0.3]
[254.37, 0.06]
[254.46, 0.08]
[254.51, 0.05]
[254.82, 0.5]
[254.9, 0.06]
[255.0, 0.49]
[255.09, 0.09]
[255.13, 0.22]
[255.17, 0.08]
[255.17, 0.04]
[255.23, 0.06]
[255.24, 0.08]
[255.62, 0.38]
[255.75, 0.51]
[255.94, 0.31]
[255.99, 0.05]
[255.99, 0.24]
[256.08, 0.09]
[256.12, 0.04]
[256.52, 0.53]
[256.61, 0.08]
[256.73, 0.6]
[256.79, 0.05]
[256.98, 0.37]
[257.28, 0.48]
[257.36, 0.08]
[257.41, 0.05]
[257.51, 0.52]
[257.56, 0.05]
[257.91, 0.49]
[257.96, 0.05]
[258.13, 0.58]
[258.44, 0.31]
[258.47, 0.51]
[258.52, 0.07]
[258.55, 0.04]
[258.59, 0.04]
[258.63, 0.04]
[259.03, 0.56]
[259.14, 0.5]
[259.21, 0.07]
[259.25, 0.21]
[259.28, 0.07]
[259.45, 0.19]
[259.59, 0.31]
[259.64, 0.04]
[260.13, 0.68]
[260.17, 0.54]
[260.18, 0.05]
[260.24, 0.06]
[260.27, 0.08]
[260.47, 0.19]
[260.56, 0.1]
[260.76, 0.51]
[260.78, 0.21]
[260.82, 0.06]
[261.16, 0.34]
[261.21, 0.05]
[261.77, 0.99]
[261.79, 0.58]
[261.83, 0.06]
[261.96, 0.11]
[262.48, 0.51]
[262.6, 0.12]
[262.67, 0.08]
[262.73, 0.93]
[262.78, 0.05]
[262.82, 0.04]
[262.97, 0.29]
[263.36, 0.53]
[263.54, 0.57]
[263.87, 0.52]
[264.23, 0.68]
[264.4, 0.52]
[264.58, 0.1]
[264.66, 0.08]
[264.75, 0.08]
[264.94, 0.53]
[264.98, 0.05]
[265.23, 0.25]
[265.27, 0.04]
[265.29, 0.54]
[265.36, 0.09]
[265.38, 0.09]
[265.42, 0.06]
[265.5, 0.12]
[265.64, 0.22]
[265.68, 0.04]
[265.75, 0.05]
[266.23, 0.48]
[266.31, 0.8]
[266.33, 0.09]
[266.38, 0.07]
[266.4, 0.07]
[266.47, 0.07]
[266.93, 0.54]
[267.01, 0.54]
[267.05, 0.03]
[267.12, 0.06]
[267.43, 0.49]
[267.64, 0.52]
[268.13, 0.49]
[268.18, 0.05]
[268.38, 0.95]
[268.44, 0.05]
[268.47, 0.29]
[268.67, 0.2]
[268.8, 0.36]
[268.85, 0.05]
[268.95, 0.08]
[269.2, 0.53]
[269.29, 0.09]
[269.4, 0.45]
[269.42, 0.12]
[269.5, 0.08]
[269.55, 0.05]
[269.75, 0.34]
[270.14, 0.59]
[270.2, 0.45]
[270.32, 0.12]
[270.38, 0.24]
[270.43, 0.1]
[270.44, 0.06]
[270.77, 0.32]
[271.2, 0.7]
[271.26, 0.06]
[271.27, 0.49]
[271.34, 0.08]
[271.46, 0.12]
[271.51, 0.05]
[271.82, 0.55]
[271.89, 0.08]
[272.01, 0.49]
[272.23, 0.33]
[272.27, 0.26]
[272.31, 0.08]
[272.54, 0.23]
[272.54, 0.27]
[272.6, 0.05]
[272.75, 0.21]
[272.79, 0.03]
[273.07, 0.28]
[273.11, 0.04]
[273.16, 0.56]
[273.45, 0.25]
[273.7, 0.59]
[273.75, 0.3]
[273.86, 0.1]
[273.9, 0.21]
[274.4, 0.53]
[274.47, 0.06]
[274.53, 0.63]
[274.66, 0.1]
[274.84, 0.37]
[275.17, 0.51]
[275.31, 0.47]
[275.75, 0.43]
[275.79, 0.61]
[275.87, 0.08]
[276.29, 0.54]
[276.4, 0.52]
[276.43, 0.03]
[276.48, 0.18]
[276.51, 0.08]
[276.88, 0.4]
[277.03, 0.51]
[277.07, 0.04]
[277.59, 0.51]
[277.6, 0.72]
[277.65, 0.05]
[277.9, 0.25]
[277.92, 0.31]
[277.94, 0.04]
[278.04, 0.1]
[278.08, 0.04]
[278.18, 0.08]
[278.53, 0.61]
[278.67, 0.49]
[278.86, 0.33]
[279.12, 0.45]
[279.31, 0.45]
[279.65, 0.53]
[279.7, 0.09]
[280.21, 0.48]
[280.28, 0.62]
[280.31, 0.08]
[280.36, 0.08]
[280.39, 0.08]
[280.44, 0.04]
[280.5, 0.06]
[280.57, 0.06]
[280.9, 0.54]
[281.13, 0.56]
[281.19, 0.06]
[281.4, 0.21]
[281.43, 0.52]
[281.53, 0.09]
[282.14, 0.69]
[282.26, 0.73]
[282.35, 0.08]
[282.36, 0.2]
[282.45, 0.09]
[282.69, 0.23]
[282.9, 0.55]
[283.41, 0.5]
[283.68, 1.0]
[283.82, 0.42]
[284.23, 0.54]
[284.28, 0.45]
[284.28, 0.05]
[284.32, 0.04]
[284.36, 0.04]
[284.41, 0.05]
[284.87, 0.59]
[284.96, 0.54]
[285.0, 0.04]
[285.08, 0.07]
[285.13, 0.05]
[285.17, 0.04]
[285.25, 0.07]
[285.29, 0.41]
[285.29, 0.04]
[285.37, 0.08]
[285.41, 0.04]
[285.45, 0.04]
[285.81, 0.52]
[285.83, 0.37]
[285.88, 0.07]
[285.93, 0.08]
[285.96, 0.07]
[285.98, 0.05]
[286.24, 0.26]
[286.44, 0.47]
[286.48, 0.05]
[286.74, 0.49]
[286.81, 0.07]
[287.02, 0.21]
[287.06, 0.58]
[287.07, 0.05]
[287.11, 0.05]
[287.11, 0.04]
[287.17, 0.05]
[287.69, 0.58]
[287.73, 0.56]
[287.8, 0.07]
[287.85, 0.04]
[288.21, 0.52]
[288.36, 0.5]
[288.7, 0.34]
[288.74, 0.52]
[288.79, 0.05]
[288.9, 0.2]
[289.36, 0.57]
[289.4, 0.04]
[289.43, 0.53]
[289.49, 0.05]
[289.59, 0.08]
[289.67, 0.08]
[289.99, 0.58]
[290.16, 0.49]
[290.51, 0.52]
[290.71, 0.54]
[290.82, 0.31]
[290.93, 0.22]
[291.16, 0.23]
[291.35, 0.52]
[291.45, 0.1]
[291.76, 0.59]
[291.81, 0.05]
[291.88, 0.06]
[291.96, 0.07]
[291.98, 0.53]
[292.02, 0.06]
[292.05, 0.08]
[292.06, 0.04]
[292.31, 0.25]
[292.39, 0.33]
[292.48, 0.08]
[292.52, 0.04]
[292.55, 0.24]
[292.6, 0.08]
[292.68, 0.07]
[292.77, 0.22]
[292.79, 0.1]
[292.85, 0.07]
[292.87, 0.08]
[293.19, 0.32]
[293.34, 0.48]
[293.4, 0.06]
[293.64, 0.45]
[293.7, 0.05]
[294.27, 0.57]
[294.31, 0.04]
[294.9, 0.58]
[295.21, 0.31]
[295.31, 0.1]
[295.84, 0.53]
[295.88, 0.05]
[295.97, 0.08]
[296.57, 0.6]
[296.63, 0.06]
[297.2, 0.56]
[297.72, 0.52]
[297.76, 0.05]
[297.82, 0.05]
[297.92, 0.09]
[298.24, 0.32]
[298.66, 0.42]
[299.07, 0.42]
[299.5, 0.42]
[299.84, 0.34]
[300.22, 0.38]
[300.31, 0.09]
[303.67, 3.35]
[303.98, 0.31]
[304.61, 0.63]
[304.69, 0.08]
[305.08, 0.38]
[305.64, 0.57]
[306.18, 0.53]
[306.25, 0.07]
[306.73, 0.48]
[306.81, 0.07]
[306.85, 0.05]
[307.12, 0.26]
[307.65, 0.53]
[307.7, 0.05]
[308.37, 0.67]
[308.9, 0.52]
[309.41, 0.5]
[309.94, 0.53]
[309.99, 0.05]
[310.04, 0.05]
[310.11, 0.07]
[310.16, 0.05]
[310.67, 0.5]
[310.74, 0.06]
[310.98, 0.24]
[311.61, 0.63]
[311.82, 0.2]
[312.02, 0.21]
[312.23, 0.21]
[312.76, 0.52]
[312.82, 0.06]
[313.17, 0.35]
[313.59, 0.42]
[314.01, 0.42]
[314.32, 0.31]
[314.4, 0.08]
[314.44, 0.04]
[314.97, 0.53]
[315.58, 0.6]
[315.64, 0.05]
[316.21, 0.56]
[316.29, 0.08]
[316.62, 0.33]
[317.15, 0.53]
[317.19, 0.04]
[317.46, 0.26]
[317.54, 0.08]
[317.61, 0.06]
[317.7, 0.09]
[318.3, 0.59]
[318.6, 0.31]
[319.13, 0.52]
[319.18, 0.05]
