[0.0,1.221]
[0.07,1.149]
[0.08,1.091]
[0.08,1.248]
[0.12,0.289]
[0.12,0.612]
[0.16,0.259]
[0.2,0.233]
[0.2,0.236]
[0.28,0.144]
[0.54,0.119]
[0.64,0.123]
[0.75,0.093]
[0.87,0.126]
[1.21,0.104]
[1.26,0.166]
[1.3,0.101]
[1.65,0.131]
[1.66,0.113]
[1.72,0.112]
[1.72,0.107]
[1.89,0.112]
[1.96,0.096]
[2.11,0.101]
[2.31,0.095]
[2.67,0.123]
[2.73,0.105]
[3.73,0.094]
[3.84,0.107]
[4.05,0.102]
[4.11,0.093]
[4.21,0.104]
[4.23,0.103]
[4.42,0.092]
[4.5,0.159]
[4.92,0.091]
[4.98,0.094]
[5.04,0.129]
[5.05,0.117]
[5.12,0.099]
[5.17,0.119]
[5.19,0.118]
[5.57,0.105]
[5.82,0.111]
[6.71,0.128]
[7.02,0.113]
[7.13,0.13]
[7.19,0.105]
[7.2,0.124]
[7.24,0.113]
[7.28,0.112]
[7.35,0.094]
[7.41,0.091]
[7.46,0.096]
[7.47,0.093]
[7.6,0.1]
[8.01,0.093]
[8.05,0.103]
[8.16,0.088]
[8.31,0.101]
[8.35,0.183]
[8.5,0.094]
[8.51,0.112]
[8.85,0.127]
[8.93,0.092]
[8.93,0.103]
[9.05,0.091]
[9.16,0.089]
[9.28,0.119]
[9.49,0.143]
[9.53,0.095]
[9.65,0.094]
[9.97,0.123]
[10.47,0.112]
[10.57,0.096]
[10.59,0.085]
[10.83,0.091]
[10.96,0.092]
[11.06,0.091]
[11.52,0.096]
[11.68,0.099]
[11.71,0.126]
[12.1,0.091]
[12.2,0.092]
[12.4,0.113]
[12.9,0.098]
[13.01,0.102]
[13.06,0.121]
[13.07,0.125]
[13.43,0.094]
[13.44,0.111]
[13.66,0.093]
[13.67,0.119]
[13.79,0.126]
[13.83,0.12]
[14.0,0.103]
[14.14,0.099]
[14.22,0.091]
[14.33,0.128]
[14.46,0.086]
[14.61,0.089]
[14.66,0.091]
[14.76,0.098]
[14.83,0.093]
[14.84,0.086]
[14.89,0.095]
[15.11,0.106]
[15.27,0.111]
[15.34,0.094]
[15.51,0.102]
[15.53,0.095]
[15.54,0.111]
[15.75,0.186]
[16.03,0.098]
[16.41,0.095]
[16.59,0.115]
[16.59,0.095]
[16.7,0.098]
[16.73,0.098]
[16.87,0.126]
[16.89,0.085]
[17.03,0.088]
[17.43,0.115]
[17.55,0.099]
[17.7,0.119]
[17.7,0.095]
[17.98,0.173]
[18.47,0.099]
[18.64,0.09]
[18.87,0.109]
[18.97,0.103]
[18.98,0.135]
[19.0,0.323]
[19.0,0.309]
[19.08,0.099]
[19.08,0.31]
[19.1,0.118]
[19.13,0.096]
[19.14,0.303]
[19.23,0.084]
[19.46,0.095]
[19.8,0.114]
[20.05,0.123]
[20.5,0.109]
[20.5,0.097]
[20.54,0.115]
[20.68,0.108]
[20.86,0.145]
[20.98,0.16]
[20.99,0.144]
[21.11,0.098]
[21.18,0.096]
[21.18,0.105]
[21.25,0.129]
[21.37,0.141]
[21.38,0.139]
[21.42,0.097]
[21.55,0.085]
[21.58,0.089]
[21.68,0.105]
[21.77,0.11]
[21.89,0.114]
[22.2,0.092]
[22.4,0.157]
[22.57,0.111]
[22.72,0.121]
[22.76,0.133]
[22.77,0.123]
[22.83,0.107]
[22.91,0.088]
[23.29,0.119]
[23.33,0.096]
[23.45,0.119]
[23.59,0.084]
[23.96,0.09]
[24.13,0.156]
[24.19,0.112]
[24.2,0.16]
[24.29,0.103]
[24.37,0.101]
[24.37,0.098]
[24.38,0.096]
[24.42,0.131]
[24.42,0.098]
[24.49,0.328]
[24.53,0.097]
[24.65,0.086]
[24.83,0.123]
[24.95,0.129]
[24.99,0.149]
[25.03,0.101]
[25.08,0.113]
[25.19,0.091]
[25.34,0.085]
[25.4,0.102]
[25.46,0.125]
[25.55,0.112]
[25.56,0.109]
[26.2,0.115]
[26.3,0.104]
[26.35,0.107]
[26.52,0.084]
[26.69,0.108]
[26.7,0.105]
[26.72,0.125]
[26.73,0.104]
[26.77,0.111]
[26.78,0.089]
[26.98,0.107]
[27.18,0.091]
[27.23,0.084]
[27.3,0.137]
[27.32,0.087]
[27.48,0.088]
[27.89,0.317]
[27.9,0.09]
[27.94,0.361]
[27.96,0.096]
[27.98,0.096]
[28.01,0.103]
[28.05,0.116]
[28.07,0.117]
[28.09,0.143]
[28.1,0.112]
[28.14,0.12]
[28.19,0.159]
[28.21,0.149]
[28.25,0.131]
[28.27,0.115]
[28.38,0.093]
[28.53,0.089]
[28.59,0.107]
[28.61,0.083]
[28.67,1.136]
[28.72,0.107]
[28.82,0.089]
[28.87,0.081]
[28.97,0.09]
[29.04,0.126]
[29.11,0.107]
[29.12,0.098]
[29.33,0.085]
[29.55,0.16]
[29.59,0.141]
[29.64,0.086]
[29.73,0.082]
[29.91,3.114]
[30.23,0.1]
[30.26,0.129]
[30.35,0.086]
[30.36,0.085]
[30.62,0.083]
[30.63,0.118]
[30.88,0.099]
[30.88,0.116]
[30.97,0.116]
[31.15,0.142]
[31.16,0.111]
[31.17,0.094]
[31.18,0.135]
[31.18,0.142]
[31.43,0.112]
[31.74,0.086]
[31.91,0.095]
[32.05,0.088]
[32.06,0.096]
[32.08,0.098]
[32.44,1.153]
[32.44,0.103]
[32.49,0.107]
[32.59,0.106]
[32.61,0.085]
[32.69,0.333]
[32.79,0.128]
[32.8,0.085]
[33.13,0.116]
[33.15,0.343]
[33.22,0.095]
[33.24,0.115]
[33.25,0.121]
[33.27,0.315]
[33.3,0.11]
[33.52,0.102]
[33.77,0.092]
[33.81,0.114]
[33.87,0.147]
[33.91,0.086]
[33.96,1.102]
[34.01,0.124]
[34.06,0.093]
[34.07,0.088]
[34.46,0.091]
[34.49,0.094]
[34.58,0.089]
[34.64,0.091]
[34.73,0.114]
[34.74,0.081]
[34.95,0.089]
[35.05,0.158]
[35.06,0.125]
[35.07,0.096]
[35.12,0.091]
[35.39,0.116]
[35.43,0.09]
[35.46,0.124]
[35.51,0.111]
[35.54,0.112]
[35.56,0.105]
[35.57,0.108]
[35.67,0.131]
[35.7,0.115]
[35.72,0.105]
[35.76,0.113]
[35.79,0.146]
[35.8,0.132]
[35.84,0.142]
[35.84,0.266]
[35.85,0.139]
[35.85,0.133]
[35.89,0.138]
[35.91,0.147]
[35.92,0.205]
[35.94,0.182]
[35.96,0.126]
[35.98,0.136]
[36.0,0.133]
[36.02,0.132]
[36.03,0.154]
[36.04,0.113]
[36.04,0.118]
[36.08,0.206]
[36.12,0.105]
[36.18,0.09]
[36.18,0.092]
[36.23,0.138]
[36.26,0.103]
[36.31,0.107]
[36.32,0.164]
[36.35,0.099]
[36.43,0.095]
[36.43,0.114]
[36.53,0.114]
[36.55,0.132]
[36.57,0.138]
[36.57,0.124]
[36.58,0.143]
[36.59,0.129]
[36.59,0.118]
[36.65,0.129]
[36.68,0.112]
[36.69,0.141]
[36.7,0.101]
[36.71,0.177]
[36.75,0.149]
[36.77,0.122]
[36.81,0.113]
[36.81,0.145]
[36.84,0.142]
[36.84,0.137]
[36.84,0.136]
[36.86,0.116]
[36.93,0.178]
[36.94,0.144]
[36.95,0.134]
[36.96,0.167]
[36.97,0.134]
[36.97,0.136]
[36.97,0.136]
[36.98,0.121]
[37.05,0.111]
[37.07,0.102]
[37.09,0.12]
[37.15,0.146]
[37.15,0.132]
[37.15,0.113]
[37.18,0.114]
[37.21,0.12]
[37.23,0.121]
[37.24,0.134]
[37.25,0.112]
[37.29,0.125]
[37.31,0.119]
[37.32,0.129]
[37.41,0.105]
[37.51,0.09]
[37.52,0.09]
[37.53,0.091]
[37.62,0.091]
[37.65,0.097]
[37.66,0.106]
[37.7,0.111]
[37.76,0.152]
[37.76,0.134]
[37.77,0.122]
[37.78,0.111]
[37.81,0.142]
[37.83,0.131]
[37.84,0.107]
[37.89,0.141]
[37.9,0.159]
[37.9,0.112]
[37.95,0.131]
[37.99,0.173]
[38.0,0.182]
[38.05,0.188]
[38.06,0.165]
[38.08,0.141]
[38.09,0.117]
[38.1,0.135]
[38.13,0.184]
[38.15,0.118]
[38.18,0.18]
[38.19,0.147]
[38.19,0.107]
[38.23,1.19]
[38.27,0.153]
[38.34,0.193]
[38.34,0.179]
[38.35,0.183]
[38.4,0.224]
[38.4,0.254]
[38.42,0.24]
[38.42,0.235]
[38.45,0.271]
[38.45,0.262]
[38.45,0.264]
[38.51,0.285]
[38.62,0.389]
[38.7,0.459]
[38.78,0.489]
[38.8,0.463]
[38.83,0.532]
[38.85,0.509]
[38.86,0.539]
[38.89,0.57]
[38.89,0.548]
[38.89,0.591]
[38.94,0.547]
[38.95,0.601]
[38.98,0.571]
[38.98,0.618]
[38.98,0.573]
[38.98,0.572]
[39.0,0.595]
[39.0,0.608]
[39.06,0.65]
[39.12,0.718]
[39.12,0.681]
[39.12,0.681]
[39.13,0.693]
[39.17,0.677]
[39.2,0.616]
[39.2,0.678]
[39.2,0.709]
[39.23,0.615]
[39.23,0.641]
[39.24,0.733]
[39.27,0.652]
[39.27,0.682]
[39.28,0.697]
[39.3,0.694]
[39.31,0.69]
[39.31,0.691]
[39.34,0.622]
[39.34,0.677]
[39.34,0.676]
[39.34,0.715]
[39.35,0.736]
[39.39,0.675]
[39.39,0.673]
[39.4,0.733]
[39.42,0.703]
[39.42,0.703]
[39.42,0.705]
[39.42,0.682]
[39.5,0.76]
[39.54,0.798]
[39.54,0.799]
[39.54,0.798]
[39.58,0.841]
[39.64,0.871]
[39.64,0.872]
[39.69,0.836]
[39.72,0.834]
[39.72,0.953]
[39.72,0.868]
[39.72,0.836]
[39.73,0.845]
[39.73,0.878]
[39.76,0.991]
[39.77,0.971]
[39.82,0.888]
[39.82,0.887]
[39.88,0.995]
[39.92,0.944]
[39.92,0.944]
[39.92,0.949]
[39.92,0.948]
[39.98,1.003]
[39.98,1.004]
[40.01,0.889]
[40.01,0.849]
[40.01,1.012]
[40.01,1.012]
[40.01,1.035]
[40.04,1.019]
[40.05,0.934]
[40.09,1.093]
[40.09,0.972]
[40.09,0.899]
[40.11,0.915]
[40.11,1.088]
[40.14,0.942]
[40.15,0.986]
[40.16,0.965]
[40.16,0.998]
[40.18,0.92]
[40.18,0.919]
[40.18,0.988]
[40.18,0.988]
[40.18,1.106]
[40.21,1.707]
[40.22,0.918]
[40.24,0.936]
[40.27,0.968]
[40.33,1.03]
[40.37,0.986]
[40.37,1.006]
[40.37,1.066]
[40.4,0.982]
[40.43,1.044]
[40.43,1.048]
[40.43,1.085]
[40.46,1.046]
[40.46,0.97]
[40.49,0.999]
[40.51,1.16]
[40.55,1.106]
[40.58,1.046]
[40.58,1.09]
[40.61,1.077]
[40.61,1.079]
[40.61,1.087]
[40.68,1.143]
[40.72,1.093]
[40.74,1.178]
[40.74,1.179]
[40.76,1.102]
[40.76,1.154]
[40.76,1.053]
[40.77,1.139]
[40.77,1.14]
[40.79,1.082]
[40.79,1.045]
[40.79,1.045]
[40.79,1.115]
[40.79,1.167]
[40.8,1.175]
[40.87,1.122]
[40.87,1.122]
[40.87,1.123]
[40.88,1.169]
[40.88,1.107]
[40.91,1.098]
[40.91,1.125]
[40.91,1.13]
[40.92,1.247]
[40.96,1.172]
[40.98,1.173]
[40.98,1.174]
[40.98,1.174]
[40.99,1.282]
[41.09,1.216]
[41.09,1.215]
[41.09,1.217]
[41.16,1.246]
[41.16,1.256]
[41.2,1.253]
[41.2,1.287]
[41.2,1.291]
[41.2,1.291]
[41.23,1.32]
[41.25,1.336]
[41.29,1.317]
[41.31,1.34]
[41.31,1.31]
[41.31,1.34]
[41.36,1.355]
[41.36,1.385]
[41.41,1.334]
[41.46,1.323]
[41.46,1.378]
[41.48,1.449]
[41.51,1.37]
[41.51,1.372]
[41.51,1.426]
[41.51,1.373]
[41.53,1.368]
[41.53,1.396]
[41.53,1.397]
[41.57,1.435]
[41.57,1.436]
[41.6,1.429]
[41.6,1.379]
[41.6,1.399]
[41.61,1.477]
[41.61,1.438]
[41.62,1.443]
[41.65,1.415]
[41.65,1.449]
[41.66,1.484]
[41.69,1.457]
[41.69,1.457]
[41.71,1.505]
[41.73,1.474]
[41.73,1.501]
[41.77,1.51]
[41.77,1.51]
[41.77,1.51]
[41.77,1.538]
[41.83,1.567]
[41.91,1.645]
[41.94,1.61]
[41.94,1.578]
[41.94,1.612]
[41.94,1.675]
[41.94,1.677]
[41.97,1.609]
[41.97,1.711]
[42.05,1.686]
[42.05,1.695]
[42.07,1.683]
[42.09,1.727]
[42.09,1.711]
[42.15,1.758]
[42.15,1.728]
[42.15,1.762]
[42.18,1.785]
[42.18,1.76]
[42.21,1.728]
[42.24,1.717]
[42.25,1.794]
[42.25,1.824]
[42.28,1.71]
[42.28,1.801]
[42.29,1.897]
[42.32,1.835]
[42.32,1.743]
[42.32,1.743]
[42.33,1.753]
[42.33,1.798]
[42.33,1.798]
[42.33,1.799]
[42.35,1.748]
[42.39,1.779]
[42.39,1.785]
[42.39,1.785]
[42.39,1.817]
[42.42,1.783]
[42.48,1.868]
[42.48,1.837]
[42.48,1.806]
[42.51,1.835]
[42.51,1.835]
[42.51,1.836]
[42.56,1.894]
[42.58,1.969]
[42.61,1.936]
[42.64,1.926]
[42.64,1.927]
[42.64,1.932]
[42.64,1.928]
[42.67,1.963]
[42.67,1.964]
[42.71,1.949]
[42.71,1.997]
[42.75,2.036]
[42.75,1.991]
[42.75,2.041]
[42.82,2.062]
[42.85,2.065]
[42.85,2.094]
[42.87,2.081]
[42.89,2.105]
[42.89,2.106]
[42.89,2.107]
[42.92,2.109]
[42.92,2.057]
[42.92,2.102]
[42.94,2.079]
[42.97,2.068]
[42.97,2.068]
[43.0,2.141]
[43.0,2.054]
[43.02,2.065]
[43.02,2.066]
[43.05,2.077]
[43.05,2.078]
[43.07,2.253]
[43.08,2.104]
[43.08,2.104]
[43.08,2.105]
[43.08,2.105]
[43.12,2.149]
[43.15,2.066]
[43.15,2.108]
[43.15,2.11]
[43.15,2.111]
[43.17,2.135]
[43.17,2.133]
[43.2,2.123]
[43.21,2.344]
[43.24,2.158]
[43.29,2.206]
[43.29,2.207]
[43.32,2.227]
[43.32,2.243]
[43.32,2.243]
[43.35,2.202]
[43.35,2.244]
[43.35,2.268]
[43.38,2.276]
[43.4,2.254]
[43.4,2.271]
[43.42,2.312]
[43.5,2.31]
[43.5,2.352]
[43.53,2.308]
[43.53,2.309]
[43.53,2.317]
[43.53,2.343]
[43.59,2.364]
[43.59,2.397]
[43.62,2.396]
[43.65,2.377]
[43.67,2.404]
[43.69,2.382]
[43.69,2.417]
[43.72,2.41]
[43.72,2.494]
[43.75,2.412]
[43.75,2.482]
[43.75,2.448]
[43.75,2.449]
[43.78,2.475]
[43.8,2.422]
[43.8,2.496]
[43.84,2.497]
[43.84,2.46]
[43.87,2.528]
[43.87,2.49]
[43.87,2.565]
[43.9,2.595]
[43.91,2.498]
[43.94,2.534]
[43.97,2.56]
[43.97,2.562]
[43.97,2.561]
[43.97,2.562]
[43.97,2.591]
[43.99,2.584]
[44.02,2.575]
[44.02,2.617]
[44.06,2.609]
[44.1,2.654]
[44.1,2.624]
[44.1,2.654]
[44.1,2.696]
[44.13,2.683]
[44.13,2.631]
[44.15,2.631]
[44.15,2.651]
[44.21,2.706]
[44.21,2.683]
[44.22,2.695]
[44.22,2.69]
[44.22,2.714]
[44.29,2.762]
[44.32,2.73]
[44.32,2.766]
[44.35,2.708]
[44.35,2.709]
[44.35,2.758]
[44.35,2.791]
[44.35,2.758]
[44.4,2.809]
[44.43,2.755]
[44.44,2.851]
[44.47,2.794]
[44.47,2.914]
[44.47,2.832]
[44.51,2.828]
[44.51,2.828]
[44.51,2.828]
[44.51,2.865]
[44.54,2.86]
[44.54,2.899]
[44.56,2.835]
[44.56,2.885]
[44.56,2.885]
[44.59,2.866]
[44.59,2.913]
[44.59,2.828]
[44.66,2.976]
[44.69,2.928]
[44.7,2.929]
[44.7,2.929]
[44.72,3.037]
[44.72,2.927]
[44.72,2.928]
[44.75,2.98]
[44.77,3.006]
[44.78,2.935]
[44.81,3.04]
[44.81,3.013]
[44.81,3.013]
[44.84,2.992]
[44.84,2.992]
[44.84,2.991]
[44.84,2.992]
[44.9,3.005]
[44.94,3.003]
[44.94,3.003]
[44.94,3.004]
[44.96,3.025]
[44.96,3.026]
[44.96,3.026]
[44.98,3.135]
[45.03,3.064]
[45.05,3.015]
[45.06,3.124]
[45.06,3.065]
[45.09,3.023]
[45.09,2.976]
[45.09,3.023]
[45.09,3.028]
[45.09,3.102]
[45.12,2.952]
[45.15,3.037]
[45.16,3.097]
[45.18,3.041]
[45.19,3.074]
[45.22,3.012]
[45.22,3.074]
[45.24,3.053]
[45.27,3.101]
[45.3,3.062]
[45.31,3.067]
[45.34,3.058]
[45.34,3.059]
[45.34,3.1]
[45.37,3.09]
[45.42,3.191]
[45.42,3.217]
[45.42,3.113]
[45.42,3.145]
[45.47,3.158]
[45.47,3.159]
[45.47,3.163]
[45.47,3.163]
[45.48,3.172]
[45.48,3.173]
[45.48,3.172]
[45.58,3.228]
[45.58,3.23]
[45.58,3.23]
[45.61,3.261]
[45.63,3.248]
[45.64,3.255]
[45.68,3.16]
[45.68,3.16]
[45.68,3.298]
[45.68,3.161]
[45.68,3.335]
[45.69,3.225]
[45.7,3.282]
[45.7,3.172]
[45.7,3.177]
[45.78,3.281]
[45.8,3.328]
[45.81,3.177]
[45.81,3.357]
[45.81,3.211]
[45.81,3.211]
[45.81,3.26]
[45.84,3.206]
[45.85,3.217]
[45.94,3.313]
[45.96,3.261]
[45.96,3.332]
[45.96,3.297]
[45.99,3.289]
[46.02,3.354]
[46.02,3.307]
[46.02,3.338]
[46.06,3.308]
[46.06,3.321]
[46.07,3.304]
[46.1,3.253]
[46.1,3.253]
[46.1,3.356]
[46.13,3.359]
[46.13,3.282]
[46.13,3.359]
[46.16,3.317]
[46.19,3.23]
[46.24,3.326]
[46.24,3.303]
[46.27,3.332]
[46.27,3.504]
[46.3,3.284]
[46.3,3.253]
[46.3,3.409]
[46.33,3.211]
[46.33,3.253]
[46.36,3.245]
[46.36,3.363]
[46.37,3.226]
[46.37,3.253]
[46.4,3.254]
[46.4,3.237]
[46.4,3.255]
[46.4,3.46]
[46.44,3.278]
[46.44,3.156]
[46.46,3.148]
[46.47,3.127]
[46.47,3.156]
[46.49,3.15]
[46.53,3.247]
[46.6,3.205]
[46.6,3.227]
[46.63,3.196]
[46.63,3.243]
[46.63,3.243]
[46.63,3.141]
[46.66,3.135]
[46.69,3.192]
[46.69,3.162]
[46.7,3.148]
[46.72,3.173]
[46.74,3.1]
[46.77,3.135]
[46.77,3.218]
[46.77,3.126]
[46.77,3.153]
[46.79,3.084]
[46.8,3.135]
[46.85,3.141]
[46.85,3.142]
[46.9,3.376]
[46.92,3.098]
[46.92,3.11]
[46.92,3.174]
[46.93,3.182]
[46.93,3.183]
[46.95,3.015]
[46.95,3.126]
[46.98,2.851]
[46.98,3.091]
[46.98,3.161]
[47.02,3.08]
[47.02,2.879]
[47.02,3.127]
[47.03,3.139]
[47.09,2.851]
[47.09,2.89]
[47.09,2.891]
[47.09,2.891]
[47.12,2.845]
[47.14,3.015]
[47.15,2.872]
[47.15,2.91]
[47.26,2.977]
[47.26,2.885]
[47.27,2.918]
[47.29,2.973]
[47.29,2.897]
[47.29,2.821]
[47.29,2.898]
[47.29,2.977]
[47.32,2.924]
[47.32,2.848]
[47.39,2.735]
[47.39,2.856]
[47.41,2.797]
[47.41,2.615]
[47.42,2.887]
[47.46,2.561]
[47.46,2.661]
[47.49,2.449]
[47.52,2.402]
[47.52,2.569]
[47.52,3.023]
[47.52,2.556]
[47.52,2.541]
[47.55,2.465]
[47.58,2.367]
[47.58,2.534]
[47.58,2.495]
[47.6,2.24]
[47.6,2.371]
[47.6,2.367]
[47.63,2.17]
[47.63,2.238]
[47.63,2.393]
[47.67,1.997]
[47.68,2.346]
[47.7,1.809]
[47.7,1.903]
[47.7,1.881]
[47.71,2.469]
[47.71,2.023]
[47.71,2.112]
[47.71,2.055]
[47.74,1.869]
[47.78,1.6]
[47.78,1.627]
[47.78,1.86]
[47.8,1.21]
[47.8,1.505]
[47.8,1.29]
[47.8,1.044]
[47.81,1.55]
[47.81,1.134]
[47.81,1.29]
[47.84,1.049]
[47.84,0.892]
[47.84,0.726]
[47.84,0.873]
[47.84,0.756]
[47.86,0.941]
[47.87,0.35]
[47.87,0.684]
[47.91,0.153]
[47.93,0.12]
[47.94,0.245]
[47.95,0.136]
[48.0,0.11]
[48.08,0.08]
[48.21,0.09]
[48.21,0.093]
[48.26,0.083]
[48.36,0.084]
[48.38,0.092]
[48.44,0.084]
[48.45,0.093]
[48.63,0.082]
[48.69,0.098]
[48.76,0.083]
[48.9,0.134]
[49.0,0.092]
[49.02,0.088]
[49.03,0.092]
[49.09,0.13]
[49.16,0.101]
[49.66,0.105]
[49.75,0.101]
[49.88,0.303]
[49.99,0.105]
[50.02,0.089]
[50.07,0.135]
[50.07,0.109]
[50.25,0.089]
[50.28,0.082]
[50.3,0.084]
[50.31,0.1]
[50.52,0.088]
[50.53,0.088]
[50.81,0.094]
[50.82,0.094]
[50.89,0.102]
[51.28,0.093]
[51.35,0.099]
[51.38,0.098]
[51.39,0.088]
[51.47,0.108]
[51.54,0.126]
[51.82,0.095]
[51.94,0.104]
[51.95,0.096]
[52.23,0.147]
[52.23,0.085]
[52.3,0.103]
[52.32,0.29]
[52.45,0.102]
[52.72,0.084]
[52.89,0.159]
[53.01,0.082]
[53.17,0.083]
[53.27,0.088]
[53.29,0.087]
[53.46,0.085]
[53.51,0.086]
[53.63,0.085]
[53.73,0.089]
[53.79,0.111]
[53.91,0.094]
[53.94,0.135]
[54.02,0.085]
[54.18,0.094]
[54.58,0.086]
[54.64,0.086]
[54.84,0.095]
[54.95,0.095]
[55.16,0.092]
[55.16,0.098]
[55.22,0.104]
[55.56,0.079]
[55.68,0.085]
[55.71,0.086]
[55.73,0.085]
[55.81,0.095]
[55.89,0.091]
[56.01,0.283]
[56.06,0.092]
[56.34,0.109]
[56.64,0.081]
[56.72,0.086]
[56.73,0.289]
[57.04,0.784]
[57.1,0.126]
[57.24,0.096]
[57.26,1.096]
[57.5,0.082]
[57.55,0.302]
[57.91,0.101]
[58.24,0.1]
[58.28,0.311]
[58.45,0.082]
[58.81,0.081]
[59.19,0.085]
[59.54,0.087]
[59.6,0.107]
[59.67,0.317]
[60.34,0.293]
[60.35,0.105]
[60.49,1.153]
[61.13,0.082]
[61.2,0.097]
[61.41,0.136]
[61.41,0.087]
[61.44,0.106]
[61.45,0.083]
[61.54,0.091]
[61.7,0.085]
[61.74,0.106]
[61.76,0.086]
[61.77,0.116]
[61.92,0.094]
[61.97,0.104]
[62.24,0.082]
[62.34,0.091]
[62.35,0.084]
[62.42,0.096]
[62.81,0.125]
[63.0,0.105]
[63.12,0.086]
[63.22,0.082]
[63.34,0.086]
[63.35,0.11]
[63.48,0.092]
[63.55,0.167]
[63.74,0.094]
[63.96,0.103]
[63.96,0.112]
[63.98,0.096]
[64.0,0.089]
[64.18,0.13]
[64.3,0.082]
[64.61,0.079]
[64.75,0.129]
[64.86,0.093]
[65.23,0.122]
[65.47,0.079]
[65.64,0.109]
[65.68,0.131]
[65.92,0.107]
[65.94,0.109]
[66.05,0.105]
[66.22,0.087]
[66.5,0.094]
[66.65,0.112]
[66.75,0.119]
[66.86,0.11]
[67.02,0.1]
[67.07,0.088]
[67.29,0.156]
[67.42,0.202]
[67.47,0.105]
[67.75,0.096]
[67.89,0.09]
[67.96,0.078]
[68.29,60.077]
[68.45,0.086]
[68.53,0.089]
[68.62,0.103]
[68.63,0.118]
[68.64,0.099]
[68.83,0.085]
[68.86,0.086]
[69.02,0.097]
[69.03,0.089]
[69.08,0.086]
[69.2,0.08]
[69.31,0.08]
[69.68,0.085]
[69.7,0.095]
[69.85,0.087]
[69.91,0.296]
[70.08,0.293]
[70.14,0.089]
[70.38,0.099]
[70.41,0.085]
[70.42,0.089]
[70.64,0.091]
[70.8,0.083]
[70.91,0.081]
[71.26,0.088]
[71.31,0.102]
[71.48,0.104]
[71.52,0.084]
[71.55,0.083]
[72.02,0.087]
[72.54,0.081]
[72.83,0.083]
[73.18,0.098]
[73.18,0.084]
[73.94,0.083]
[74.04,0.088]
[74.53,0.377]
[74.6,0.406]
[74.65,0.111]
[75.02,0.097]
[75.06,0.086]
[75.17,0.102]
[75.21,0.092]
[75.64,0.089]
[76.17,0.094]
[76.53,0.09]
[76.53,0.092]
[76.58,0.087]
[76.62,0.092]
[76.67,0.104]
[76.99,0.122]
[77.11,0.109]
[77.27,0.083]
[77.58,0.081]
[77.71,0.08]
[77.98,0.12]
[77.98,0.082]
[78.22,0.087]
[78.56,0.101]
[78.63,0.108]
[78.64,0.114]
[78.65,0.107]
[78.92,0.087]
[79.16,0.102]
[79.28,0.086]
[79.3,0.085]
[79.56,0.083]
[79.6,0.104]
[80.0,0.106]
[80.25,0.311]
[80.36,0.083]
[80.49,0.085]
[80.52,0.096]
[80.54,0.107]
[80.64,0.089]
[80.73,0.086]
[80.83,0.085]
[80.93,0.083]
[80.93,0.098]
[81.01,0.081]
[81.11,0.081]
[81.33,0.108]
[81.39,0.107]
[81.68,0.105]
[81.73,0.089]
[81.77,0.088]
[82.09,0.102]
[82.28,0.089]
[82.4,0.124]
[82.49,0.106]
[82.58,0.092]
[82.61,0.09]
[82.72,0.085]
[82.77,0.091]
[82.98,0.098]
[82.99,0.094]
[83.14,0.126]
[83.34,0.082]
[83.38,0.086]
[83.6,0.091]
[83.64,0.122]
[83.95,0.084]
[84.06,0.097]
[84.09,0.098]
[84.16,0.087]
[84.25,0.111]
[84.32,0.081]
[84.34,0.111]
[84.39,0.119]
[84.54,0.124]
[84.62,0.082]
[84.92,0.081]
[85.08,0.082]
[85.09,0.093]
[85.1,0.087]
[85.19,0.078]
[85.27,0.089]
[85.67,0.092]
[85.74,0.092]
[85.85,0.097]
[85.95,0.103]
[85.98,0.102]
[86.03,0.138]
[86.03,0.13]
[86.07,0.099]
[86.08,0.096]
[86.11,0.106]
[86.21,0.141]
[86.23,0.089]
[86.29,0.089]
[86.31,0.101]
[86.56,0.083]
[86.67,0.126]
[86.74,0.093]
[86.96,0.111]
[87.08,0.085]
[87.76,0.081]
[87.92,0.098]
[88.1,0.108]
[88.24,0.118]
[88.35,0.096]
[88.44,0.089]
[88.44,0.126]
[88.62,0.12]
[88.7,0.082]
[88.82,0.079]
[88.93,0.112]
[88.97,0.105]
[88.98,60.081]
[89.21,0.087]
[89.24,0.104]
[89.35,0.091]
[89.36,0.113]
[89.4,0.127]
[89.4,0.09]
[89.42,0.096]
[89.85,0.084]
[89.87,0.079]
[89.9,0.295]
[90.03,0.359]
[90.21,0.086]
[90.3,0.116]
[90.31,0.113]
[90.36,0.087]
[90.39,0.087]
[90.4,0.092]
[90.53,0.105]
[91.13,0.301]
[91.17,0.118]
[91.22,0.081]
[91.3,0.08]
[91.43,0.084]
[91.54,0.084]
[91.68,0.088]
[91.69,0.097]
[91.8,0.102]
[91.89,0.1]
[91.96,0.083]
[92.03,0.08]
[92.09,0.122]
[92.1,0.11]
[92.18,0.082]
[92.29,0.089]
[92.58,0.088]
[92.69,0.086]
[92.74,0.092]
[93.27,0.099]
[93.29,0.087]
[93.8,0.086]
[93.83,0.117]
[94.03,0.083]
[94.2,0.084]
[94.32,0.095]
[94.47,0.087]
[94.64,0.089]
[94.66,0.111]
[94.67,0.091]
[95.1,0.099]
[95.2,0.088]
[95.56,0.081]
[95.79,0.084]
[95.92,60.104]
[96.02,0.094]
[96.05,0.114]
[96.1,0.131]
[96.15,0.086]
[96.34,0.1]
[96.76,0.082]
[96.78,0.091]
[96.98,0.086]
[97.03,0.087]
[97.33,0.099]
[97.59,0.095]
[97.63,0.087]
[97.84,1.119]
[97.87,0.095]
[97.92,0.288]
[98.03,0.103]
[98.13,0.312]
[98.24,0.087]
[98.34,0.306]
[98.41,0.49]
[98.66,0.104]
[99.09,0.114]
[99.1,0.086]
[99.42,60.489]
[99.43,0.102]
[99.44,0.083]
[99.48,0.091]
[99.81,0.291]
[100.21,0.082]
[100.44,0.082]
[101.13,0.08]
[101.8,0.086]
[101.86,0.085]
[101.97,0.085]
[102.19,0.097]
[102.31,0.115]
[102.45,0.106]
[102.45,0.095]
[102.53,0.079]
[102.94,61.793]
[103.53,62.226]
[103.68,0.098]
[103.76,0.083]
[104.47,0.082]
[104.61,62.547]
[105.13,0.118]
[105.31,0.084]
[105.53,0.084]
[105.72,0.081]
[105.94,0.097]
[105.95,0.106]
[105.98,0.101]
[106.02,0.108]
[106.04,0.1]
[106.1,0.085]
[106.49,0.09]
[106.5,0.079]
[107.12,0.102]
[107.13,0.082]
[107.26,0.123]
[107.39,0.084]
[107.42,0.102]
[107.51,0.08]
[107.67,0.085]
[107.87,0.092]
[108.27,0.109]
[108.28,0.097]
[108.29,0.1]
[108.3,0.104]
[108.32,0.183]
[108.35,0.103]
[108.61,0.109]
[108.65,0.157]
[108.7,0.119]
[108.71,0.091]
[108.98,0.091]
[109.1,0.083]
[109.22,0.093]
[109.36,0.082]
[109.38,0.084]
[109.65,0.086]
[109.71,0.122]
[109.94,0.137]
[109.96,0.102]
[110.02,0.098]
[110.06,0.08]
[110.56,0.099]
[110.73,0.097]
[110.9,0.106]
[110.98,0.091]
[111.06,0.105]
[111.08,0.111]
[111.23,0.081]
[111.47,0.08]
[111.57,0.087]
[111.58,0.119]
[111.96,0.091]
[111.98,0.085]
[112.06,0.094]
[112.09,0.094]
[112.14,0.099]
[112.16,0.087]
[112.28,0.099]
[112.36,0.094]
[112.37,0.086]
[112.66,0.098]
[112.78,0.082]
[112.94,0.091]
[113.25,0.089]
[113.63,0.093]
[113.67,0.109]
[114.21,0.081]
[114.35,0.089]
[114.61,0.08]
[114.88,0.079]
[115.08,0.09]
[115.34,0.103]
[115.64,0.091]
[115.74,0.084]
[115.83,0.133]
[116.06,0.134]
[116.22,0.087]
[116.23,0.121]
[116.79,0.081]
[116.94,0.088]
[117.32,0.083]
[117.51,0.079]
[117.66,0.095]
[117.66,0.103]
[117.88,0.084]
[118.14,0.088]
[118.26,0.082]
[118.28,0.098]
[118.33,0.093]
[118.4,0.103]
[118.46,0.096]
[118.5,0.115]
[118.67,0.08]
[118.83,0.112]
[118.99,0.101]
[119.2,0.094]
[119.98,0.085]
[120.58,0.09]
[120.61,0.084]
[120.66,0.083]
[120.74,0.087]
[120.97,0.091]
[121.01,0.082]
[121.53,0.082]
[122.06,0.087]
[122.57,0.105]
[122.59,0.081]
[122.64,0.08]
[122.74,0.09]
[122.84,0.096]
[122.92,0.1]
[123.08,0.106]
[123.22,0.081]
[123.41,0.085]
[123.46,0.084]
[123.52,0.081]
[123.65,0.096]
[123.85,0.135]
[123.89,0.089]
[124.39,0.116]
[124.65,0.088]
[124.71,0.083]
[124.79,0.094]
[124.82,0.29]
[124.97,0.085]
[125.22,0.081]
[125.24,0.107]
[125.36,0.096]
[125.36,0.102]
[125.51,0.086]
[125.52,0.144]
[126.09,0.089]
[126.12,0.131]
[126.65,0.098]
[126.83,0.084]
[126.93,0.113]
[127.07,0.083]
[127.72,0.088]
[128.09,0.081]
[128.31,0.082]
[128.55,0.082]
[128.65,0.102]
[128.65,0.099]
[128.72,0.088]
[128.89,0.1]
[128.9,0.087]
[128.94,0.094]
[129.28,0.087]
[129.35,0.095]
[129.6,0.097]
[129.79,0.082]
[129.93,0.088]
[129.97,0.094]
[130.28,0.084]
[130.37,0.109]
[130.37,0.082]
[130.45,0.099]
[130.49,0.089]
[130.53,0.092]
[130.54,0.086]
[130.59,0.108]
[130.74,0.089]
[130.89,60.09]
[131.07,0.106]
[131.57,0.117]
[131.72,0.106]
[131.77,0.137]
[131.8,0.131]
[131.81,0.083]
[131.85,0.107]
[131.89,0.094]
[132.35,0.099]
[132.73,0.086]
[133.67,0.084]
[134.24,0.093]
[134.28,0.091]
[134.6,0.096]
[134.7,0.111]
[134.7,0.091]
[134.88,0.101]
[135.06,0.095]
[135.43,0.094]
[135.55,0.083]
[135.65,0.094]
[135.84,0.108]
[136.26,0.102]
[136.27,0.093]
[136.5,0.083]
[136.64,0.099]
[136.8,0.117]
[137.22,0.114]
[137.42,0.092]
[137.59,0.091]
[138.03,0.088]
[138.04,0.086]
[138.23,0.094]
[138.37,0.087]
[138.75,0.084]
[139.21,0.082]
[139.6,0.126]
[139.64,0.29]
[139.72,0.084]
[139.95,0.096]
[140.25,0.108]
[140.31,0.093]
[140.37,0.106]
[140.55,0.085]
[140.62,1.293]
[140.85,0.504]
[140.95,0.106]
[141.45,0.095]
[141.51,0.091]
[141.54,0.085]
[141.65,0.094]
[141.83,0.113]
[142.08,0.104]
[142.11,0.097]
[142.12,0.097]
[142.17,0.097]
[142.38,0.112]
[142.74,0.078]
[142.82,0.09]
[142.86,0.096]
[142.9,0.098]
[142.96,0.119]
[143.19,0.087]
[143.19,0.091]
[143.4,0.111]
[143.4,0.086]
[143.44,0.097]
[143.7,0.09]
[143.77,0.095]
[143.82,0.104]
[143.88,0.114]
[143.93,0.087]
[143.94,0.123]
[143.98,1.12]
[143.99,0.143]
[144.47,0.09]
[144.56,0.082]
[144.85,0.094]
[145.06,0.107]
[145.24,0.096]
[145.33,0.081]
[145.37,60.064]
[145.41,0.11]
[145.49,0.087]
[145.6,0.1]
[145.72,0.085]
[145.8,0.098]
[145.89,0.117]
[146.2,0.107]
[146.24,0.092]
[146.25,0.119]
[146.29,0.084]
[146.29,0.12]
[146.43,0.101]
[146.63,0.133]
[146.88,0.109]
[146.98,0.086]
[147.01,0.097]
[147.06,1.141]
[147.1,0.083]
[147.17,0.09]
[147.25,0.098]
[147.33,0.104]
[147.44,0.134]
[147.66,0.095]
[147.79,0.086]
[147.92,0.104]
[147.97,0.095]
[148.01,0.099]
[148.03,0.098]
[148.21,0.102]
[148.29,0.081]
[148.44,0.087]
[148.46,0.13]
[148.55,0.102]
[148.74,0.09]
[149.12,0.088]
[149.15,0.12]
[149.17,0.084]
[149.19,0.092]
[149.6,0.114]
[149.6,0.113]
[149.66,0.085]
[149.68,0.083]
[149.87,0.103]
[149.98,0.124]
[150.06,0.09]
[150.09,0.411]
[150.17,0.092]
[150.55,0.081]
[150.56,0.123]
[150.74,0.088]
[150.77,0.148]
[150.79,0.096]
[150.79,0.092]
[150.86,0.418]
[150.96,0.08]
[151.04,0.079]
[151.13,0.079]
[151.57,0.085]
[151.74,0.081]
[151.89,0.093]
[152.21,0.1]
[152.63,0.096]
[152.64,0.099]
[152.66,0.11]
[152.85,0.083]
[152.86,0.123]
[152.96,0.089]
[153.16,0.119]
[153.28,0.094]
[153.28,0.104]
[153.54,0.11]
[153.82,0.143]
[153.88,0.179]
[154.19,0.334]
[154.22,0.106]
[154.3,0.295]
[154.47,0.135]
[154.48,0.094]
[154.5,0.093]
[154.76,0.149]
[154.81,0.088]
[154.94,0.088]
[155.08,0.091]
[155.38,0.084]
[155.45,0.136]
[155.59,0.086]
[155.74,0.113]
[155.75,0.152]
[155.78,0.129]
[155.84,0.246]
[155.84,0.146]
[155.89,0.149]
[155.9,0.228]
[155.91,0.153]
[155.92,0.175]
[155.93,0.228]
[155.94,0.101]
[155.96,0.313]
[155.97,0.118]
[156.07,0.179]
[156.12,0.112]
[156.13,0.093]
[156.14,0.096]
[156.16,0.194]
[156.2,0.145]
[156.24,0.107]
[156.6,0.081]
[157.03,0.094]
[157.03,0.091]
[157.6,0.087]
[157.8,0.084]
[157.9,0.109]
[158.04,0.378]
[158.07,0.157]
[158.15,0.091]
[158.15,0.188]
[158.6,0.18]
[158.93,0.088]
[159.06,0.085]
[159.2,0.086]
[159.26,0.19]
[159.38,0.088]
[159.4,0.206]
[159.47,0.248]
[159.51,0.181]
[159.62,0.11]
[159.81,0.079]
[159.88,0.085]
[160.17,0.113]
[160.45,0.079]
[160.65,0.187]
[160.75,0.087]
[160.96,0.085]
[160.97,0.083]
[161.09,0.194]
[161.22,0.097]
[161.25,0.099]
[161.65,0.095]
[162.38,0.08]
[162.41,0.103]
[162.97,0.081]
[163.24,0.083]
[163.54,0.081]
[163.68,0.099]
[163.81,0.078]
[163.89,0.282]
[163.9,0.09]
[164.07,0.105]
[164.14,31.542]
[164.22,0.165]
[164.27,0.093]
[164.29,0.249]
[164.78,0.084]
[164.9,0.466]
[165.32,0.081]
[165.78,0.116]
[166.15,0.113]
[166.42,0.084]
[166.66,15.477]
[166.74,0.124]
[166.93,0.309]
[167.41,0.238]
[167.49,0.101]
[167.56,0.08]
[167.63,0.236]
[167.66,0.099]
[167.97,0.226]
[168.17,0.085]
[168.53,0.08]
[168.8,0.222]
[168.8,0.214]
[169.21,0.222]
[169.22,0.212]
[169.24,0.132]
[169.26,0.112]
[169.31,0.082]
[169.43,60.062]
[169.57,0.183]
[169.74,0.193]
[169.84,0.082]
[170.2,0.086]
[170.26,0.089]
[170.41,0.124]
[170.45,0.09]
[170.52,0.2]
[170.67,0.171]
[170.74,0.089]
[170.83,60.08]
[170.92,0.084]
[171.14,0.084]
[171.58,0.084]
[171.78,0.15]
[171.88,0.175]
[172.05,0.109]
[172.06,0.127]
[172.19,0.095]
[172.44,0.082]
[172.58,0.088]
[172.63,0.218]
[172.65,0.099]
[172.71,0.082]
[173.02,0.084]
[173.34,0.116]
[173.87,0.1]
[174.01,0.093]
[174.02,0.097]
[174.02,31.676]
[174.13,0.096]
[174.31,60.068]
[174.64,0.102]
[174.98,0.12]
[175.08,0.091]
[175.36,0.119]
[175.46,0.144]
[175.48,0.086]
[175.57,0.103]
[175.92,0.099]
[176.24,0.081]
[176.59,0.081]
[176.73,0.133]
[176.79,0.083]
[176.94,0.091]
[176.97,0.108]
[177.25,0.091]
[177.77,0.111]
[177.92,0.118]
[177.94,0.108]
[177.94,0.088]
[178.65,0.093]
[178.91,0.09]
[179.06,0.083]
[179.11,0.286]
[179.32,0.113]
[179.44,0.084]
[179.71,0.095]
[179.74,0.121]
[179.85,0.322]
[179.86,0.11]
[180.11,0.085]
[180.19,0.084]
[180.24,0.087]
[180.26,0.111]
[180.34,0.088]
[180.41,0.082]
[180.85,0.094]
[181.39,0.086]
[181.59,0.122]
[181.88,0.084]
[181.96,0.095]
[182.06,0.12]
[182.1,0.127]
[182.29,0.101]
[182.3,0.084]
[182.38,0.129]
[182.45,0.091]
[182.93,0.085]
[183.86,0.091]
[183.86,0.12]
[183.87,0.117]
[183.9,0.083]
[183.98,0.081]
[184.16,0.085]
[184.28,0.1]
[184.32,0.092]
[184.5,0.092]
[184.54,0.087]
[184.79,0.119]
[184.84,0.127]
[185.05,0.086]
[185.49,0.094]
[185.59,0.089]
[185.65,0.083]
[185.99,0.139]
[186.0,0.115]
[186.11,0.101]
[186.33,0.113]
[186.36,0.117]
[186.42,0.093]
[186.48,0.319]
[186.53,0.129]
[186.59,0.09]
[186.71,60.064]
[186.79,0.082]
[186.81,60.094]
[187.0,0.148]
[187.03,0.146]
[187.04,0.142]
[187.09,0.082]
[187.77,0.105]
[187.78,0.099]
[187.79,0.091]
[187.9,0.11]
[187.98,0.099]
[188.03,0.114]
[188.11,0.082]
[188.28,0.083]
[188.68,0.082]
[189.06,0.112]
[189.56,0.104]
[189.57,0.113]
[190.05,0.1]
[190.05,0.111]
[190.35,0.12]
[190.85,0.095]
[190.97,0.114]
[191.22,0.109]
[191.48,0.14]
[191.54,0.095]
[191.58,0.108]
[191.98,0.085]
[192.02,0.11]
[192.03,0.082]
[192.21,0.113]
[192.61,0.113]
[192.62,0.086]
[192.7,0.087]
[192.73,0.108]
[192.73,0.11]
[192.88,0.089]
[192.92,0.093]
[193.02,0.103]
[193.03,0.08]
[193.07,0.103]
[193.38,0.106]
[193.94,0.116]
[194.02,0.097]
[194.61,0.117]
[194.64,0.101]
[194.66,0.288]
[194.66,0.097]
[194.71,0.086]
[195.06,0.097]
[195.15,0.394]
[195.35,0.105]
[195.78,0.087]
[195.89,0.082]
[196.58,0.099]
[196.71,0.084]
[197.12,0.09]
[197.23,0.101]
[197.25,0.082]
[197.3,0.121]
[197.41,0.109]
[197.48,0.088]
[197.5,0.136]
[197.56,0.104]
[197.65,0.091]
[197.83,0.097]
[198.0,0.096]
[198.0,0.102]
[198.31,0.087]
[198.65,0.092]
[198.66,0.093]
[198.66,0.097]
[198.78,0.084]
[198.84,0.088]
[198.85,0.091]
[199.08,0.08]
[199.13,0.096]
[199.56,0.115]
[199.71,0.09]
[199.91,0.082]
[200.06,0.096]
[200.06,0.095]
[200.09,0.111]
[200.19,0.089]
[200.23,0.101]
[200.25,0.122]
[200.54,0.112]
[201.09,0.098]
[201.2,31.542]
[201.24,0.128]
[201.47,0.089]
[201.5,0.099]
[201.64,0.088]
[201.88,60.268]
[201.92,0.096]
[202.02,0.089]
[202.05,0.085]
[202.31,0.114]
[202.47,0.114]
[202.73,0.094]
[202.8,0.087]
[202.81,0.096]
[202.87,0.102]
[203.06,0.093]
[203.19,0.096]
[203.22,0.09]
[203.24,0.128]
[203.34,0.088]
[203.42,0.088]
[203.49,0.088]
[203.63,0.112]
[203.72,0.381]
[203.82,0.086]
[203.82,0.088]
[204.01,0.11]
[204.03,0.087]
[204.23,0.114]
[204.27,0.089]
[204.45,0.102]
[204.57,0.111]
[204.59,0.126]
[204.64,0.094]
[204.77,0.117]
[204.89,0.11]
[204.9,0.122]
[204.96,0.085]
[204.98,0.082]
[205.03,0.091]
[205.05,0.086]
[205.12,0.094]
[205.2,0.082]
[205.51,0.099]
[205.56,0.111]
[205.59,0.082]
[205.74,0.086]
[205.9,0.08]
[206.03,0.108]
[206.03,0.093]
[206.09,0.088]
[206.4,0.121]
[206.52,0.124]
[206.57,0.121]
[206.59,0.165]
[206.84,0.095]
[206.85,0.092]
[207.0,0.101]
[207.02,0.122]
[207.03,0.233]
[207.11,0.089]
[207.14,0.089]
[207.17,0.128]
[207.19,0.081]
[207.35,0.106]
[207.35,0.122]
[207.38,0.095]
[207.44,0.088]
[207.63,0.08]
[207.79,0.104]
[207.89,0.093]
[207.95,0.146]
[207.97,0.109]
[208.02,0.084]
[208.11,0.095]
[208.15,0.084]
[208.24,0.097]
[208.25,0.18]
[208.25,0.084]
[208.38,0.152]
[208.44,0.093]
[208.48,0.134]
[208.49,0.112]
[208.5,0.093]
[208.51,0.116]
[208.79,0.114]
[208.95,0.099]
[208.99,0.096]
[209.3,0.101]
[209.33,0.111]
[209.35,0.111]
[209.37,0.094]
[209.38,0.151]
[209.44,0.11]
[209.63,0.094]
[209.67,0.102]
[209.69,0.29]
[209.98,0.109]
[210.05,0.092]
[210.1,0.12]
[210.21,0.125]
[210.28,0.347]
[210.38,0.096]
[210.61,0.114]
[210.64,60.062]
[210.65,0.097]
[210.69,0.111]
[210.72,0.145]
[210.76,0.088]
[210.8,0.097]
[211.07,0.083]
[211.17,0.08]
[211.44,0.093]
[211.66,0.085]
[211.72,0.086]
[211.75,0.086]
[211.77,0.082]
[211.91,0.092]
[211.93,0.091]
[211.95,0.096]
[212.01,0.084]
[212.22,0.102]
[212.24,0.209]
[212.25,0.088]
[212.3,0.084]
[212.43,0.093]
[212.43,0.109]
[212.57,0.084]
[212.89,0.093]
[213.06,0.115]
[213.11,0.179]
[213.25,0.168]
[213.47,0.092]
[213.6,0.37]
[213.61,0.092]
[213.65,0.149]
[213.65,0.169]
[213.82,0.139]
[213.83,0.093]
[213.87,0.09]
[213.99,0.09]
[214.04,0.146]
[214.13,0.1]
[214.42,0.103]
[214.43,0.104]
[214.47,0.103]
[214.47,0.106]
[214.5,0.122]
[214.51,0.11]
[214.59,0.088]
[214.62,0.097]
[214.67,0.086]
[214.82,0.092]
[215.04,0.108]
[215.05,0.16]
[215.11,0.099]
[215.59,0.095]
[215.62,0.403]
[215.69,0.09]
[215.79,0.089]
[215.84,0.105]
[216.03,0.131]
[216.09,0.096]
[216.13,0.09]
[216.16,0.1]
[216.18,0.083]
[216.3,0.1]
[216.45,0.094]
[216.48,0.108]
[216.56,0.086]
[216.69,0.111]
[216.75,0.094]
[216.78,0.08]
[217.06,0.098]
[217.07,0.101]
[217.16,0.112]
[217.16,0.104]
[217.51,0.084]
[217.81,0.114]
[217.83,0.09]
[217.88,0.09]
[217.94,0.096]
[218.04,0.102]
[218.04,0.084]
[218.09,0.095]
[218.27,0.102]
[218.31,0.095]
[218.36,0.114]
[218.48,0.107]
[218.57,0.087]
[218.61,0.151]
[218.65,0.089]
[218.74,0.081]
[218.79,0.089]
[218.84,0.106]
[218.86,0.102]
[218.94,0.124]
[218.99,0.113]
[219.0,0.104]
[219.01,0.121]
[219.02,0.124]
[219.03,0.099]
[219.08,0.122]
[219.13,0.095]
[219.19,0.109]
[219.22,0.103]
[219.25,0.089]
[219.51,0.105]
[219.53,0.106]
[219.56,0.105]
[219.56,0.103]
[219.58,0.124]
[219.62,0.09]
[219.62,0.101]
[219.65,0.438]
[219.68,0.095]
[219.68,0.409]
[219.75,0.153]
[219.79,0.149]
[219.82,0.157]
[219.84,0.098]
[219.85,0.108]
[219.92,0.177]
[219.97,0.12]
[220.06,0.088]
[220.21,0.329]
[220.22,0.123]
[220.23,0.1]
[220.26,0.125]
[220.3,0.457]
[220.3,0.128]
[220.32,0.157]
[220.35,0.09]
[220.37,0.331]
[220.43,0.1]
[220.47,0.103]
[220.49,0.142]
[220.5,0.109]
[220.54,0.133]
[220.57,0.571]
[220.58,0.15]
[220.58,0.137]
[220.58,0.158]
[220.6,0.16]
[220.64,0.351]
[220.65,0.154]
[220.66,0.148]
[220.69,0.164]
[220.69,0.145]
[220.72,0.132]
[220.75,0.15]
[220.77,0.101]
[220.79,0.121]
[220.79,0.122]
[220.83,0.102]
[220.84,0.39]
[220.84,0.356]
[220.86,0.104]
[220.96,0.12]
[220.97,0.102]
[221.0,0.129]
[221.0,0.101]
[221.01,0.105]
[221.07,0.109]
[221.09,0.32]
[221.09,0.106]
[221.1,0.096]
[221.12,0.104]
[221.2,0.132]
[221.21,0.116]
[221.24,0.111]
[221.27,0.094]
[221.38,0.148]
[221.39,0.122]
[221.39,1.357]
[221.4,0.133]
[221.43,0.342]
[221.45,0.176]
[221.47,0.171]
[221.47,0.16]
[221.47,0.153]
[221.48,0.212]
[221.52,0.364]
[221.52,0.392]
[221.57,0.187]
[221.59,0.178]
[221.59,0.185]
[221.65,0.238]
[221.65,0.288]
[221.66,0.217]
[221.75,0.273]
[221.75,0.274]
[221.81,0.292]
[221.82,0.692]
[221.85,0.332]
[221.86,0.34]
[221.86,0.319]
[221.88,0.343]
[221.9,0.359]
[221.91,0.341]
[221.92,0.315]
[221.93,0.361]
[221.96,0.31]
[221.96,0.3]
[221.96,0.413]
[221.99,0.327]
[221.99,0.337]
[221.99,0.322]
[221.99,0.332]
[222.04,0.318]
[222.04,0.271]
[222.07,0.393]
[222.08,0.359]
[222.08,0.291]
[222.08,0.711]
[222.08,0.51]
[222.11,0.311]
[222.11,0.255]
[222.11,0.216]
[222.13,0.216]
[222.13,0.483]
[222.13,0.233]
[222.16,0.485]
[222.16,0.204]
[222.16,0.207]
[222.18,0.519]
[222.19,0.159]
[222.2,0.171]
[222.21,0.146]
[222.31,0.132]
[222.31,0.142]
[222.33,0.123]
[222.34,1.183]
[222.34,0.199]
[222.35,0.137]
[222.36,0.145]
[222.36,0.403]
[222.38,0.344]
[222.38,0.17]
[222.39,0.135]
[222.39,0.119]
[222.47,0.112]
[222.49,0.102]
[222.56,0.139]
[222.58,0.146]
[222.59,0.134]
[222.63,0.161]
[222.64,0.15]
[222.67,0.215]
[222.67,0.174]
[222.68,0.191]
[222.7,0.203]
[222.71,0.209]
[222.74,0.206]
[222.74,0.219]
[222.76,0.222]
[222.77,0.197]
[222.8,0.205]
[222.81,0.245]
[222.83,0.413]
[222.84,0.23]
[222.84,0.406]
[222.9,0.465]
[222.9,0.247]
[222.9,0.305]
[222.95,0.254]
[222.95,3.205]
[222.99,0.293]
[223.02,0.28]
[223.02,0.281]
[223.02,0.354]
[223.02,0.28]
[223.04,0.295]
[223.1,0.362]
[223.11,1.39]
[223.11,1.421]
[223.11,0.308]
[223.11,0.39]
[223.16,1.44]
[223.16,0.412]
[223.17,0.343]
[223.18,0.374]
[223.25,0.427]
[223.28,0.388]
[223.28,0.438]
[223.28,3.431]
[223.28,1.427]
[223.3,0.414]
[223.3,0.476]
[223.37,0.466]
[223.4,0.471]
[223.42,0.528]
[223.42,0.456]
[223.45,0.476]
[223.45,0.482]
[223.45,0.476]
[223.48,0.462]
[223.5,0.483]
[223.53,0.501]
[223.53,0.515]
[223.56,0.529]
[223.56,0.53]
[223.59,0.486]
[223.59,0.552]
[223.59,0.54]
[223.59,0.575]
[223.66,0.627]
[223.7,0.546]
[223.7,0.547]
[223.7,0.598]
[223.72,0.563]
[223.72,0.553]
[223.72,0.585]
[223.72,0.585]
[223.73,0.622]
[223.73,0.721]
[223.75,0.574]
[223.79,0.622]
[223.79,0.634]
[223.79,0.642]
[223.79,0.628]
[223.82,0.637]
[223.85,0.599]
[223.86,0.607]
[223.89,0.637]
[223.9,0.644]
[223.92,0.642]
[223.95,0.697]
[223.95,0.683]
[223.98,0.726]
[224.0,0.707]
[224.0,0.725]
[224.04,0.742]
[224.04,0.754]
[224.06,1.504]
[224.09,0.771]
[224.09,0.841]
[224.12,0.798]
[224.13,0.807]
[224.13,0.807]
[224.15,0.796]
[224.18,0.857]
[224.18,0.825]
[224.21,0.762]
[224.24,0.851]
[224.27,0.822]
[224.27,0.85]
[224.28,0.861]
[224.31,0.885]
[224.31,0.836]
[224.33,0.862]
[224.33,0.837]
[224.33,0.862]
[224.33,0.837]
[224.34,0.952]
[224.37,0.876]
[224.37,0.888]
[224.4,1.043]
[224.4,0.931]
[224.4,0.906]
[224.4,0.932]
[224.43,0.907]
[224.43,0.908]
[224.43,0.939]
[224.43,0.964]
[224.46,0.934]
[224.49,0.966]
[224.49,0.967]
[224.5,0.954]
[224.54,1.01]
[224.57,0.983]
[224.59,1.005]
[224.59,1.005]
[224.66,1.103]
[224.66,1.044]
[224.67,1.048]
[224.68,1.09]
[224.74,1.047]
[224.74,1.178]
[224.75,1.059]
[224.76,1.072]
[224.76,1.076]
[224.76,1.163]
[224.79,1.104]
[224.79,1.176]
[224.82,1.128]
[224.83,1.136]
[224.85,1.164]
[224.86,1.174]
[224.89,1.202]
[224.9,1.206]
[224.9,1.207]
[224.93,1.213]
[224.93,1.241]
[224.93,1.241]
[224.96,1.247]
[224.96,1.247]
[224.99,1.238]
[224.99,1.274]
[225.0,1.254]
[225.0,1.269]
[225.0,1.265]
[225.02,1.276]
[225.06,1.318]
[225.08,1.297]
[225.08,1.297]
[225.08,1.334]
[225.12,1.339]
[225.13,1.347]
[225.18,1.37]
[225.18,1.374]
[225.2,1.393]
[225.22,1.414]
[225.23,1.388]
[225.23,1.388]
[225.25,1.442]
[225.25,1.443]
[225.25,1.411]
[225.27,1.39]
[225.27,1.367]
[225.28,1.563]
[225.3,1.61]
[225.3,1.555]
[225.34,1.42]
[225.34,1.42]
[225.35,1.431]
[225.41,1.447]
[225.41,1.48]
[225.44,1.474]
[225.47,1.509]
[225.5,1.541]
[225.5,1.541]
[225.53,1.463]
[225.53,1.531]
[225.53,1.5]
[225.56,1.494]
[225.56,1.561]
[225.56,1.529]
[225.56,1.529]
[225.58,1.509]
[225.64,1.8]
[225.67,1.565]
[225.7,1.629]
[225.7,1.589]
[225.7,1.592]
[225.7,1.889]
[225.72,1.61]
[225.75,1.83]
[225.75,1.729]
[225.75,1.835]
[225.75,1.641]
[225.77,1.823]
[225.77,1.824]
[225.8,1.685]
[225.8,1.654]
[225.8,1.879]
[225.82,1.712]
[225.82,1.681]
[225.82,1.682]
[225.82,1.713]
[225.82,1.682]
[225.86,1.687]
[225.86,1.717]
[225.89,1.714]
[225.89,1.713]
[225.89,1.714]
[225.89,1.729]
[225.97,1.775]
[225.97,1.799]
[226.0,1.822]
[226.02,1.824]
[226.02,1.832]
[226.04,1.846]
[226.07,1.869]
[226.1,1.948]
[226.12,1.884]
[226.14,1.942]
[226.14,1.906]
[226.14,1.942]
[226.18,1.912]
[226.18,1.942]
[226.19,1.928]
[226.22,1.918]
[226.27,1.967]
[226.28,1.974]
[226.28,1.973]
[226.3,2.002]
[226.3,1.978]
[226.34,1.909]
[226.34,1.947]
[226.34,2.012]
[226.34,1.978]
[226.34,1.978]
[226.34,1.983]
[226.37,2.043]
[226.37,1.941]
[226.37,1.941]
[226.37,2.052]
[226.39,1.933]
[226.39,2.011]
[226.39,1.96]
[226.39,1.968]
[226.43,2.228]
[226.43,1.972]
[226.43,2.05]
[226.45,2.004]
[226.45,1.999]
[226.45,2.0]
[226.49,2.04]
[226.54,2.024]
[226.54,2.057]
[226.54,2.057]
[226.57,2.065]
[226.59,2.073]
[226.68,2.163]
[226.68,2.163]
[226.68,2.163]
[226.68,2.117]
[226.69,2.122]
[226.69,2.169]
[226.73,2.209]
[226.74,2.167]
[226.77,2.198]
[226.87,2.28]
[226.87,2.28]
[226.87,2.266]
[226.87,2.299]
[226.87,2.281]
[226.87,2.266]
[226.87,2.233]
[226.87,2.3]
[226.88,2.294]
[226.88,2.309]
[226.88,2.28]
[227.05,2.397]
[227.05,2.4]
[227.06,2.487]
[227.06,2.401]
[227.06,2.353]
[227.07,2.338]
[227.07,2.369]
[227.09,2.362]
[227.1,2.373]
[227.1,2.447]
[227.11,2.456]
[227.11,2.41]
[227.11,2.41]
[227.11,2.384]
[227.12,2.393]
[227.16,2.405]
[227.24,2.453]
[227.26,2.478]
[227.26,2.504]
[227.26,2.504]
[227.28,2.471]
[227.28,2.494]
[227.31,2.497]
[227.34,2.525]
[227.34,2.552]
[227.35,2.544]
[227.35,2.624]
[227.38,2.594]
[227.4,2.451]
[227.47,2.663]
[227.49,2.533]
[227.49,2.532]
[227.49,2.569]
[227.51,2.591]
[227.51,2.591]
[227.51,2.62]
[227.51,2.659]
[227.53,2.58]
[227.57,2.696]
[227.57,2.616]
[227.6,2.577]
[227.6,2.529]
[227.6,2.602]
[227.6,2.616]
[227.6,2.578]
[227.6,2.589]
[227.63,2.65]
[227.63,2.578]
[227.63,2.631]
[227.63,2.555]
[227.63,2.73]
[227.66,2.609]
[227.66,2.584]
[227.67,2.593]
[227.73,2.651]
[227.81,2.705]
[227.81,2.705]
[227.81,2.703]
[227.81,2.714]
[227.84,2.72]
[227.85,2.734]
[227.87,2.746]
[227.9,2.778]
[227.93,2.777]
[227.94,2.807]
[227.94,2.818]
[227.95,2.798]
[227.98,2.778]
[228.0,2.8]
[228.01,2.794]
[228.05,2.823]
[228.05,2.828]
[228.05,2.846]
[228.08,4.292]
[228.08,2.741]
[228.08,2.856]
[228.08,2.742]
[228.08,2.851]
[228.09,2.748]
[228.09,2.767]
[228.09,2.857]
[228.09,2.865]
[228.12,2.893]
[228.13,2.865]
[228.13,2.882]
[228.14,2.791]
[228.14,2.883]
[228.17,2.905]
[228.17,2.825]
[228.17,2.95]
[228.19,2.856]
[228.19,2.846]
[228.19,2.825]
[228.34,2.929]
[228.36,2.949]
[228.36,2.921]
[228.36,2.953]
[228.38,2.958]
[228.38,2.924]
[228.41,2.947]
[228.41,2.906]
[228.41,2.948]
[228.45,2.99]
[228.52,3.015]
[228.52,3.015]
[228.53,3.003]
[228.53,3.003]
[228.53,3.031]
[228.53,3.125]
[228.57,3.042]
[228.59,3.091]
[228.59,3.039]
[228.59,3.041]
[228.59,3.04]
[228.59,3.091]
[228.62,3.091]
[228.62,3.047]
[228.62,3.07]
[228.66,2.917]
[228.66,2.921]
[228.66,2.842]
[228.66,3.082]
[228.66,3.103]
[228.69,2.837]
[228.71,2.953]
[228.71,3.074]
[228.71,3.074]
[228.71,3.272]
[228.71,2.987]
[228.79,3.258]
[228.86,2.946]
[228.86,2.973]
[228.86,3.005]
[228.87,2.962]
[228.87,3.134]
[228.9,3.176]
[228.9,2.904]
[228.92,2.927]
[228.92,2.927]
[228.97,2.963]
[228.97,3.018]
[229.0,2.965]
[229.02,2.961]
[229.02,2.922]
[229.02,2.987]
[229.07,3.006]
[229.07,2.971]
[229.1,2.959]
[229.1,2.885]
[229.1,2.92]
[229.12,3.022]
[229.12,2.785]
[229.12,2.858]
[229.12,2.859]
[229.15,2.781]
[229.15,2.812]
[229.15,2.676]
[229.17,2.874]
[229.17,2.985]
[229.22,2.737]
[229.24,2.766]
[229.24,2.77]
[229.24,2.758]
[229.25,2.766]
[229.25,2.767]
[229.27,2.744]
[229.28,2.748]
[229.3,2.844]
[229.35,2.823]
[229.36,2.785]
[229.38,2.713]
[229.41,2.719]
[229.41,2.833]
[229.46,2.732]
[229.46,2.742]
[229.49,2.914]
[229.51,2.824]
[229.51,2.784]
[229.54,2.809]
[229.54,2.762]
[229.54,2.703]
[229.56,2.722]
[229.61,2.773]
[229.62,2.782]
[229.65,2.786]
[229.67,2.743]
[229.67,2.743]
[229.67,2.755]
[229.67,2.81]
[229.67,2.81]
[229.7,2.732]
[229.72,2.763]
[229.72,2.76]
[229.75,2.63]
[229.76,2.858]
[229.78,2.791]
[229.78,2.631]
[229.78,2.813]
[229.8,2.786]
[229.8,2.808]
[229.81,2.683]
[229.81,2.647]
[229.83,2.864]
[229.83,2.525]
[229.86,2.491]
[229.92,2.371]
[229.92,2.511]
[229.95,2.287]
[229.95,2.351]
[229.96,2.554]
[229.97,2.302]
[230.0,2.214]
[230.02,2.176]
[230.07,2.288]
[230.08,2.242]
[230.11,2.015]
[230.11,2.266]
[230.13,2.144]
[230.13,2.203]
[230.18,2.17]
[230.18,1.667]
[230.18,2.064]
[230.2,1.793]
[230.2,2.069]
[230.23,1.594]
[230.23,1.982]
[230.23,1.637]
[230.23,2.056]
[230.24,1.51]
[230.24,1.633]
[230.26,1.669]
[230.27,1.007]
[230.27,1.42]
[230.3,1.097]
[230.31,0.824]
[230.31,1.63]
[230.31,1.398]
[230.31,0.881]
[230.31,1.457]
[230.33,0.914]
[230.34,1.346]
[230.34,0.678]
[230.34,0.584]
[230.36,0.846]
[230.37,0.783]
[230.37,0.766]
[230.39,0.532]
[230.4,0.433]
[230.41,0.555]
[230.41,0.405]
[230.44,0.212]
[230.44,0.212]
[230.44,0.317]
[230.45,0.152]
[230.47,0.13]
[230.53,0.099]
[230.54,0.098]
[230.56,0.564]
[230.63,0.11]
[230.66,0.097]
[230.97,0.093]
[231.08,0.101]
[231.12,0.086]
[231.23,0.08]
[231.3,0.078]
[231.34,1.544]
[231.41,0.119]
[231.41,0.096]
[231.48,0.095]
[231.53,0.089]
[231.6,0.084]
[231.7,0.084]
[231.81,0.079]
[231.89,0.091]
[232.07,0.084]
[232.12,0.086]
[232.18,0.09]
[232.29,0.085]
[232.43,0.093]
[232.68,0.085]
[232.68,0.088]
[232.85,0.084]
[232.87,0.083]
[233.12,0.095]
[233.34,0.093]
[233.39,0.094]
[233.4,0.299]
[233.6,0.091]
[233.64,0.11]
[233.68,0.083]
[233.73,0.089]
[233.77,0.085]
[233.79,0.099]
[233.96,0.087]
[234.03,0.086]
[234.61,0.104]
[234.62,0.14]
[235.12,0.092]
[235.15,0.084]
[235.22,0.089]
[235.32,0.088]
[235.47,0.144]
[235.47,0.082]
[235.62,0.095]
[235.64,0.099]
[235.65,0.098]
[235.65,0.086]
[235.76,0.084]
[236.09,0.086]
[236.13,0.105]
[236.18,0.098]
[236.25,0.083]
[236.53,0.117]
[236.79,0.089]
[236.83,0.084]
[236.95,0.094]
[237.14,0.095]
[237.41,0.095]
[237.42,0.081]
[237.62,0.09]
[237.63,0.083]
[237.64,0.082]
[237.91,0.084]
[238.07,0.091]
[238.2,0.112]
[238.24,0.097]
[238.26,0.096]
[238.38,0.123]
[238.43,0.079]
[239.02,0.082]
[239.1,0.09]
[239.34,0.1]
[239.35,0.084]
[239.59,0.082]
[239.67,0.086]
[240.2,0.553]
[240.35,3.09]
[240.42,0.131]
[240.45,0.113]
[240.48,0.099]
[240.5,0.184]
[240.5,0.089]
[240.51,0.115]
[240.62,0.11]
[240.67,0.081]
[240.74,0.119]
[240.78,0.087]
[241.01,0.082]
[241.23,0.086]
[241.51,0.086]
[241.69,0.097]
[242.39,0.197]
[242.52,0.184]
[242.61,0.194]
[242.65,0.094]
[242.76,0.09]
[242.96,0.081]
[243.0,0.2]
[243.17,0.102]
[243.7,0.085]
[243.74,0.12]
[243.91,0.079]
[244.3,0.099]
[244.39,0.084]
[244.68,0.098]
[244.81,31.722]
[244.87,0.105]
[245.08,0.08]
[245.23,0.093]
[245.26,0.184]
[245.28,0.092]
[245.29,0.098]
[245.34,0.093]
[245.44,0.151]
[245.46,0.08]
[245.64,0.114]
[245.65,0.09]
[245.68,0.212]
[245.84,0.166]
[245.97,0.164]
[246.0,0.137]
[246.09,0.08]
[246.41,0.105]
[246.55,0.08]
[246.74,0.085]
[246.8,0.098]
[246.93,0.08]
[247.29,0.096]
[247.3,0.086]
[247.37,0.174]
[247.41,0.079]
[247.54,0.151]
[247.56,0.079]
[247.78,0.08]
[248.04,0.17]
[248.15,0.188]
[248.23,0.092]
[248.35,0.089]
[248.37,0.083]
[248.52,0.083]
[248.65,0.161]
[248.96,0.167]
[249.19,0.087]
[249.21,0.093]
[249.4,0.185]
[249.53,0.081]
[249.8,0.173]
[249.96,0.094]
[250.14,0.097]
[250.17,0.186]
[250.5,0.15]
[250.53,0.095]
[250.91,0.163]
[251.01,0.217]
[251.06,0.081]
[251.13,0.089]
[251.53,0.103]
[251.62,0.097]
[251.9,0.107]
[251.9,0.089]
[252.03,0.184]
[252.06,0.101]
[252.06,0.158]
[252.52,0.104]
[252.57,0.11]
[252.87,0.093]
[253.26,0.084]
[253.32,0.175]
[253.46,0.088]
[253.57,0.078]
[253.85,0.16]
[253.86,0.14]
[253.92,0.1]
[253.99,0.163]
[254.04,0.084]
[254.25,0.09]
[254.39,0.082]
[254.56,0.082]
[254.7,0.096]
[254.72,0.085]
[254.77,0.158]
[254.89,0.081]
[255.04,0.092]
[255.16,0.169]
[255.33,0.095]
[255.41,0.085]
[255.88,0.142]
[256.27,0.083]
[256.43,0.083]
[256.82,0.148]
[257.02,0.115]
[257.07,0.151]
[257.62,0.126]
[257.73,0.111]
[257.82,0.092]
[257.96,0.085]
[258.11,0.137]
[258.55,0.08]
[258.81,0.096]
[258.84,0.12]
[258.86,0.098]
[259.08,0.088]
[259.2,0.081]
[259.28,0.117]
[259.43,0.084]
[259.45,0.107]
[259.55,0.092]
[259.7,0.083]
[259.8,0.082]
[259.91,0.08]
[260.17,0.098]
[260.45,0.086]
[260.5,0.079]
[260.69,0.089]
[261.06,0.118]
[261.22,0.097]
[261.3,0.15]
[261.34,0.079]
[261.56,0.085]
[262.06,0.091]
[262.1,0.09]
[262.18,0.117]
[262.38,0.097]
[262.72,0.089]
[262.95,0.112]
[263.01,0.086]
[263.19,0.09]
[263.26,0.095]
[263.57,0.083]
[263.86,0.085]
[263.89,0.104]
[264.03,0.083]
[264.19,0.3]
[264.31,0.091]
[264.45,0.097]
[264.59,0.092]
[264.83,0.099]
[264.84,0.104]
[265.13,0.113]
[265.14,0.108]
[265.2,0.099]
[265.32,0.338]
[265.44,0.311]
[265.44,1.115]
[265.47,0.292]
[265.55,0.439]
[265.57,0.1]
[265.63,0.089]
[265.86,0.092]
[266.01,0.097]
[266.02,0.1]
[266.03,0.115]
[266.03,0.087]
[266.04,0.096]
[266.15,0.086]
[266.53,0.079]
[266.8,0.113]
[266.94,0.084]
[267.17,0.081]
[267.18,0.078]
[267.48,0.091]
[267.49,0.09]
[267.56,0.112]
[267.6,0.117]
[267.64,0.086]
[267.68,0.101]
[267.74,0.097]
[268.02,0.085]
[268.15,0.088]
[268.48,0.084]
[268.55,0.087]
[268.74,0.082]
[268.87,0.122]
[268.89,0.129]
[268.92,0.103]
[268.94,0.118]
[268.96,0.101]
[269.01,0.096]
[269.16,0.129]
[269.18,0.081]
[269.28,0.092]
[269.29,0.084]
[269.45,0.091]
[269.56,0.081]
[269.63,0.085]
[269.75,0.094]
[269.83,0.09]
[269.84,0.085]
[269.85,0.103]
[269.93,0.089]
[270.2,0.1]
[270.38,0.085]
[270.6,0.083]
[270.61,0.109]
[270.88,0.101]
[270.89,0.108]
[271.13,0.099]
[271.15,0.089]
