5003024954
9303019720
9402003103
3124010381
3128053185
3250509452
3605007695
3706006225
4002002240
4011031368
4025447648
4401175622
4807040030
5001064461
5003024954
5006008213
5007106559
5007113108
5024059130
5029047184
5038002790
5047208814
5075029180
7703457072
7706138620
7722019116
7722809347
7734374588
9102257636
9715383414
5701000167
6909002630
6911021158
6919002380
7107127612
7751507541
7606118934
7701003490
7724820970
7729101200
0105044397
0105047528
0106009483
231294740516
7720523014
1513081590
230100335005
230103982900
230104257238
2301051732
230107530012
2301076247
2301083011
2301087175
2301088740
2301090587
2301090925
230111105405
230135009933
230401628245
2304067346
2304072064
230502823108
2305029632
2308108667
2308236612
2310191870
2311041035
231105476763
231118845087
2311277753
2315091252
2315092440
231512592500
231513257079
2315167328
2315173667
2315211390
2315221021
231523994201
231526108275
2315989208
2315989590
2315994328
232009623953
2330036464
2337022566
2337026352
2337028279
2337028367
2337030101
233708418564
2343000056
2348032982
2348038110
2349022754
2352002170
235200865887
235200943172
235202434950
2352032696
2352033467
2352033957
2352034598
2352036147
2352039821
2352040175
235204648259
2352050261
2352050617
2352053287
2352057820
2352058486
235210004630
2353017267
235500172788
2356046996
2376003736
5027264899
504407453020
504904164557
525000141984
615501448885
665910413765
744806313018
770174868832
7709858507
771407159512
7728305113
7729101200
7801282864
781431004820
860205696220
860401459994
340500710676
343511759904
3454006168
3455050089
2301089221
6103600723
611400947143
611800032486
611800199460
6118006907
6118906070
612300097134
6135007516
6137007102
6140030493
6149001151
615003709090
615005212410
770504231900
110100486986
1658156150
9102019952
9102184723
9102246553
9102257636
910300071229
9103002574
9103069850
9103077932
9103094582
9104000266
9104000379
9104000629
9104002947
9104028889
9104029610
9104029628
9104031585
910707923100
9108001581
9108003300
9108003420
9108006438
9108105277
9108109017
9108120892
9108125040
9109000950
9109005701
9109026613
9110000835
9110021592
9111000725
9111004938
9202002720
9203002345
9200008652
920159817026
9202002720
9202500517
9203001550
9203003490
9203004783
9203545623
9204005532
9204017111
9204571802
1001324828
1101205623
2900000293
3525124386
3526000633
3528074454
4720027123
3914010751
4702012163
4705013292
4707028270
4719022184
7718721280
5321028769
7703286148
7810263508
7810406643
7825672172
7830001010
7830002470
1435148357
2511003566
2223011024
2245000523
4223046180
4213003050
4213005473
4216002008
4218025466
5433168250
550403866334
5506006782
7014046897
7017056290
4522007245
7202027953
7413022993
7423012592
0273073375
0276100884
1218002978
1326202276
1681000049
1827017683
1829013003
2130176312
2130179610
4334003671
4345391881
5236006411
5247016299
5256056330
5263043395
5639020779
5837025458
5902181202
5904101820
6318036835
6321029443
6321160857
6345014132
636200388193
7327080600
0512002579
0512083987
0515011980
0517011810
0522010459
0522013971
0523004680
0542001269
0542003065
0542013024
0542028969
0542029289
0542031626
0547005316
0547011052
0548009923
7730614662
0707019704
0708009579
5007106559
150101041495
1501030103
1511027389
1511027798
1513052158
1513061674
0708009579
2609020127
2613000148
2613002843
2613009253
2613800391
2614019399
2624020964
2624022231
2624022986
2624026050
2624029533
2626047136
2626800737
2627027245
263000767415
2630800592
263207046804
2635120181
2635812087
771510315518
7730614662
9109005701
