010000000046
010000000046
010000000046
010000000046
010000000046
010000000046
010000000046
010000000046
010000000046
010000000046
010000000046
010000000046
010000000046
010000000046
010000000046
010000000046
010000000046
010000000046
010000000046
010000000046
010000000046
010000000046
010000000046
010000000046
010000000046
010000000046
010000000050
010000000050
010000000051
010000000051
010000000051
010000000051
010000000051
010000000051
010000000051
010000000051
010000000051
010000000051
010000000051
010000000051
010000000051
010000000051
010000000173
010000000173
010000000173
010000000173
010000000173
010000000173
010000000173
010000000173
010000000173
010000000173
010000000467
010000000467
010000000467
010000000467
010000000467
010000000467
010000000467
010000000467
010000000467
010000000467
010000000467
010000000467
010000003575
010000003575
010000003575
010000003575
010000003575
010000003575
010000003575
010000003575
010000003575
010000003575
010000003575
010000003575
010000003575
010000003575
010000003575
010000003575
010000003575
010000003575
010000003575
010000003575
010000003575
010000003575
010000003575
010000003575
010060687818
010060687818
010060687818
010060687818
010060687818
010060687818
010060687818
010060687818
010060687818
010060687818
010060687818
010060687818
010060687818
010060687818
010060687818
010060687818
010060692646
010060692646
010060692646
010060692646
010060692646
010060694826
010060694826
010060694826
010060694826
010060694826
010060694826
010060694826
010060694945
010060694945
010060694945
010060694945
010060694945
010060697650
010060697650
010060697650
010060698046
010060698046
010060698046
010060701828
010060701993
010060701993
010060702832
010060702832
010060702834
010060702835
010060702836
010060702837
010060702838
010060702839
010060702840
010060702841
010060702842
010060702843
010060702844
010060702845
020000693545
020000693545
020000693545
020000693545
020000693545
020000693545
020000693545
020000693545
020000728549
020000728549
020000728549
020000728549
020000728549
020000728549
020000728549
020000728549
020000728549
020000728549
020000728549
020000728549
020000733389
020000733389
020000733389
020000733389
020000733389
020000733389
020000733389
020000733389
030000075215
030000075215
030000075215
030000075215
030000075215
030000075215
030000075215
030000447669
030000447669
030000447669
030000568119
030000568119
030000568119
030000568119
030000570911
030000570912
030000570960
030000570961
030000570961
030000570961
030000570962
030000570962
030000570963
030000570964
030000570965
030000570966
030000570968
030000570969
030000570970
030000570971
030000570972
030000570973
030000570973
030000571004
030000571005
030000571006
030000571007
030000571008
030000571009
030000571100
030000571101
030000571102
030000571103
030000571104
030000571105
030000571106
030000571107
030000571108
037770006502